0 00433 57062.00 0.397966 10.454573 0.431882 0.236984
1 00719 57062.00 100.324151 11.583632 0.215650 -0.010935
2 00887 57062.00 276.467137 -20.939741 0.087935 -0.010041
3 00944 57062.00 288.642000 -64.761702 0.061319 0.000486
4 01036 57062.00 211.970135 -13.531538 0.149543 0.018742
5 01221 57062.00 286.408854 -11.721309 0.528507 0.013649
6 01362 57062.00 210.693209 13.199162 0.080151 -0.027647
7 01373 57062.00 233.775424 -52.989332 0.146333 0.010819
8 01566 57062.00 327.541686 -32.266681 0.306664 0.025384
9 01580 57062.00 163.916875 63.327090 1.077759 -0.196005
10 01620 57062.00 158.075651 9.447779 0.642261 -0.444145
11 01627 57062.00 145.695390 15.250875 0.205688 -0.038919
12 01685 57062.00 214.945309 -22.039109 0.277363 -0.062568
13 01862 57062.00 112.405622 28.023927 0.305196 -0.034323
14 01863 57062.00 90.366465 41.340923 0.136091 -0.008286
15 01864 57062.00 170.360526 13.064921 0.133378 -0.127253
16 01865 57062.00 320.625566 0.555372 0.473039 0.110713
17 01866 57062.00 157.298579 53.065094 0.322758 -0.063968
18 01915 57062.00 320.027314 -6.972166 0.084836 -0.001545
19 01916 57062.00 267.478989 -35.748775 0.824538 0.031792
20 01917 57062.00 51.790455 1.875815 1.011607 -0.049057
21 01921 57062.00 28.716376 26.247519 0.360555 0.224062
22 01922 57062.00 13.613040 23.761671 0.160863 -0.019226
23 01943 57062.00 23.556015 15.713069 0.370270 0.093953
24 01951 57062.00 294.902583 -8.990710 0.600411 -0.313696
25 01980 57062.00 234.880394 -23.898935 0.357958 0.079542
26 01981 57062.00 108.477117 61.678422 0.263329 -0.042345
27 02059 57062.00 295.071141 -10.276999 0.323349 0.051007
28 02060 57062.00 346.013516 -0.886786 0.009857 0.003131
29 02061 57062.00 301.926550 -16.349095 0.747690 0.151695
30 02062 57062.00 150.967097 24.042040 1.045127 -0.097159
31 02063 57062.00 105.979688 31.584362 2.258572 -0.112656
32 02100 57062.00 345.441145 -4.408096 0.564239 0.068177
33 02101 57062.00 250.393458 -23.547599 0.248142 -0.031976
34 02102 57062.00 32.863807 -58.193435 0.635568 0.230536
35 02135 57062.00 346.053553 4.057527 0.313505 0.010296
36 02201 57062.00 50.589225 17.529412 0.371436 0.107021
37 02202 57062.00 157.122446 7.301896 0.207096 -0.047963
38 02212 57062.00 50.552221 23.948038 0.053150 0.021924
39 02329 57062.00 116.680389 1.406432 0.091619 0.006464
40 02340 57062.00 95.986597 18.039967 0.661824 -0.054498
41 02368 57062.00 109.622257 22.158756 0.220307 -0.046856
42 02608 57062.00 4.995742 -2.408216 0.096460 0.015539
43 03102 57062.00 163.501972 5.515854 0.137683 -0.034755
44 03103 57062.00 46.624858 -4.283359 1.241485 0.400426
45 03122 57062.00 280.060603 -42.273377 0.745676 0.154559
46 03199 57062.00 168.677233 -2.494537 0.197697 -0.287222
47 03200 57062.00 83.642426 23.751297 0.624626 -0.201036
48 03271 57062.00 169.421157 8.626425 0.181753 0.004816
49 03288 57062.00 359.026037 3.575777 0.163323 0.055509
50 03352 57062.00 238.408927 -16.664502 0.329327 -0.087169
51 03360 57062.00 132.660301 -3.483182 0.058893 -0.023749
52 03361 57062.00 17.886192 7.089433 0.646261 0.227561
53 03362 57062.00 321.890308 -12.739992 0.986360 0.143169
54 03551 57062.00 167.704724 4.054660 0.140085 -0.033677
55 03552 57062.00 150.378144 28.905663 0.023179 -0.022954
56 03553 57062.00 268.285768 0.071385 0.363776 0.200285
57 03554 57062.00 185.606987 -6.723128 0.419204 -0.439865
58 03671 57062.00 92.686089 25.872596 0.127793 0.023788
59 03688 57062.00 54.640970 21.067311 0.220994 0.056065
60 03691 57062.00 149.729447 21.631085 0.435873 -0.326789
61 03752 57062.00 234.059598 36.693308 0.560847 -0.051992
62 03753 57062.00 282.444085 -14.558595 1.043371 -0.238260
63 03757 57062.00 19.693501 4.893357 0.658172 0.293776
64 03800 57062.00 5.802198 -13.617075 0.418924 0.167838
65 03838 57062.00 90.577216 5.628710 0.135624 -0.057571
66 03908 57062.00 277.239883 -22.699996 0.388645 0.030859
67 03988 57062.00 217.037578 -16.589642 0.569337 -0.075280
68 04015 57062.00 150.021815 9.699190 0.104341 -0.040963
69 04034 57062.00 347.706788 -6.986581 0.915469 0.188672
70 04055 57062.00 210.354982 4.659020 0.369884 -0.024951
71 04179 57062.00 226.456127 -16.996107 0.070444 -0.019639
72 04183 57062.00 205.421013 -17.708039 1.668969 -0.598210
73 04197 57062.00 286.516077 -35.149310 0.120924 0.013377
74 04257 57062.00 345.849510 -2.912155 0.511930 -0.165665
75 04341 57062.00 273.929276 -20.394464 0.175650 -0.030107
76 04401 57062.00 154.505859 35.849907 0.795032 -0.472234
77 04450 57062.00 165.815253 2.705422 1.207427 -0.622935
78 04486 57062.00 66.394477 20.909245 0.089558 0.017467
79 04487 57062.00 18.456910 7.292492 0.839702 0.084722
80 04503 57062.00 322.160897 -17.538414 0.087127 0.027305
81 04544 57062.00 292.740249 -36.058372 1.475087 0.161191
82 04581 57062.00 194.559092 -4.840280 0.751166 -0.242582
83 04587 57062.00 109.703365 -1.169636 0.106654 0.000437
84 04596 57062.00 320.205810 -5.125087 0.488318 -0.158371
85 04660 57062.00 221.618627 -17.565268 0.493746 -0.147318
86 04688 57062.00 228.345794 -19.131539 0.189336 -0.028460
87 04769 57062.00 154.266402 9.468517 1.693588 -0.958168
88 04947 57062.00 188.623140 -10.616406 0.480151 -0.073644
89 04953 57062.00 269.887256 -28.892511 0.588203 -0.232695
90 04954 57062.00 230.415921 -33.966120 0.160540 -0.060719
91 04957 57062.00 152.826198 -26.627359 0.338034 -0.136907
92 05011 57062.00 4.431749 1.025390 0.413488 0.244429
93 05131 57062.00 89.348181 8.582414 0.179509 0.115647
94 05143 57062.00 334.109576 -6.761670 0.114694 0.063827
95 05145 57062.00 263.606029 -8.210841 0.004510 -0.002037
96 05189 57062.00 149.929105 13.058566 0.265357 -0.078011
97 05201 57062.00 301.089573 -23.665388 0.072770 0.014448
98 05261 57062.00 301.180474 -2.605364 0.532091 0.229126
99 05324 57062.00 131.086930 33.430803 0.066648 -0.030736
100 05332 57062.00 7.834890 -14.573912 0.495368 0.036199
101 05335 57062.00 319.742131 -0.735846 0.000430 0.003562
102 05370 57062.00 176.102601 1.004499 0.053631 -0.004087
103 05381 57062.00 143.580404 63.323431 4.228994 -0.240145
104 05496 57062.00 244.466019 44.339212 1.179143 -1.205107
105 05587 57062.00 120.566674 3.262034 0.116311 -0.011133
106 05590 57062.00 342.880181 4.633548 1.061426 0.260594
107 05604 57062.00 334.407889 -8.752168 1.880990 0.885871
108 05620 57062.00 153.769322 14.010446 0.217167 -0.051995
109 05626 57062.00 235.242113 -16.065412 0.131477 -0.025834
110 05645 57062.00 236.320125 -23.133910 0.353695 -0.160115
111 05646 57062.00 220.617360 -19.958609 0.229629 -0.099030
112 05653 57062.00 215.723789 -17.770692 0.460884 -0.204570
113 05660 57062.00 310.677119 -12.122246 0.391439 0.509976
114 05693 57062.00 219.013913 -10.803718 0.405513 -0.152889
115 05731 57062.00 329.754184 -3.069019 0.076671 0.040685
116 05751 57062.00 335.864867 -18.630074 0.151161 0.017738
117 05786 57062.00 323.556097 -6.624259 0.346891 -0.020763
118 05797 57062.00 285.126788 -23.816997 0.171398 0.027470
119 05828 57062.00 131.006236 19.740422 0.200498 0.048075
120 05836 57062.00 152.434857 2.878940 0.096158 -0.035299
121 05863 57062.00 110.566047 5.305049 0.117476 0.003640
122 05869 57062.00 312.161324 0.785235 0.246657 0.077521
123 05879 57062.00 211.707435 7.476440 0.659931 -0.125498
124 06037 57062.00 356.880620 -0.966921 1.407700 0.508901
125 06047 57062.00 198.654776 -15.730937 0.472089 -0.452634
126 06050 57062.00 111.211700 24.321169 0.416432 -0.016512
127 06053 57062.00 149.524992 8.026305 0.229010 -0.198644
128 06063 57062.00 315.864007 -13.835733 0.070128 0.014905
129 06130 57062.00 262.706563 -2.968041 0.437707 -0.124899
130 06178 57062.00 301.805720 -23.800970 0.282783 0.042912
131 06239 57062.00 101.162332 26.617112 0.700137 -0.067934
132 06455 57062.00 166.661564 41.486118 0.136353 -0.110869
133 06456 57062.00 252.096989 -29.557837 0.743869 -0.032740
134 06489 57062.00 201.475963 -9.286010 0.649593 -0.227332
135 06491 57062.00 189.480946 -10.192597 0.598947 -0.277255
136 06569 57062.00 79.409406 10.524112 0.308195 0.127925
137 06611 57062.00 330.037610 -3.090804 0.166663 0.057123
138 07025 57062.00 320.399699 -13.552547 0.341080 0.030130
139 07066 57062.00 337.608524 -24.209679 0.005691 0.002825
140 07088 57062.00 235.320357 -13.420599 0.215948 -0.072918
141 07092 57062.00 358.237274 -18.766252 0.068772 0.038329
142 07096 57062.00 279.093966 -14.539225 0.167558 -0.010750
143 07236 57062.00 36.997345 31.769165 0.237478 0.064103
144 07335 57062.00 191.341141 8.664078 0.385756 -0.244306
145 07336 57062.00 135.791465 12.011400 0.172916 -0.033586
146 07341 57062.00 241.927601 -25.176539 0.264635 -0.030996
147 07350 57062.00 267.959194 -18.268494 0.333897 -0.034035
148 07358 57062.00 4.831142 7.068739 0.977943 0.402397
149 07467 57062.00 10.608370 -11.046520 0.389563 0.224501
150 07474 57062.00 170.306611 11.710075 0.283471 -0.112244
151 07480 57062.00 170.968579 10.936272 0.310436 -0.090929
152 07482 57062.00 349.347309 -29.787031 0.389963 -0.002211
153 07604 57062.00 232.352270 1.983207 0.056099 -0.012709
154 07753 57062.00 229.861302 -17.154145 0.452237 -0.139691
155 07822 57062.00 191.986396 15.926761 0.664230 0.087708
156 07839 57062.00 145.984179 31.057318 0.139595 0.001999
157 07888 57062.00 311.936067 -2.661708 0.068190 -0.007272
158 07889 57062.00 178.928826 34.395563 1.274736 -0.120562
159 07977 57062.00 158.788721 18.421461 0.210401 0.004217
160 08013 57062.00 82.045365 20.252507 0.146740 0.023776
161 08014 57062.00 163.180938 5.651207 0.181745 -0.070307
162 08034 57062.00 17.820896 8.753670 0.584278 0.216077
163 08035 57062.00 68.654709 -3.455608 0.523257 -0.037991
164 08037 57062.00 48.479606 20.981410 0.576406 0.199517
165 08176 57062.00 193.329650 36.273105 0.284687 -0.207555
166 08201 57062.00 330.471885 -9.420263 0.143844 0.027241
167 08373 57062.00 38.795293 -24.418114 0.118232 0.089497
168 08405 57062.00 61.967625 36.746414 0.011578 0.003190
169 08507 57062.00 138.183546 16.630382 0.136940 -0.081278
170 08566 57062.00 303.221659 5.947819 1.412720 -0.389800
171 08567 57062.00 114.838010 13.848267 0.296363 -0.029951
172 08709 57062.00 2.486118 -2.310555 0.353490 0.140394
173 09058 57062.00 51.132745 14.501217 0.488083 -0.008086
174 09162 57062.00 323.844672 -8.613291 0.964211 0.195265
175 09172 57062.00 205.646596 -18.830463 0.098807 -0.032986
176 09202 57062.00 75.197558 58.373510 1.950557 -0.263606
177 09400 57062.00 310.370102 -53.136797 0.226623 0.083779
178 09767 57062.00 32.620621 34.911201 0.069939 0.030206
179 09856 57062.00 263.368881 -13.505833 1.578822 -0.097119
180 09950 57062.00 156.216912 -5.728719 0.095493 -0.039745
181 10115 57062.00 15.621893 9.325036 0.398577 0.301766
182 10145 57062.00 151.153821 11.771104 0.143112 -0.065513
183 10150 57062.00 182.239570 41.372027 0.126425 -0.006297
184 10165 57062.00 64.585926 43.108869 0.747536 -0.002146
185 10199 57062.00 267.179237 -36.584206 0.019307 0.005316
186 10302 57062.00 209.548052 -7.579142 0.695836 -0.273311
187 10370 57062.00 268.330191 -19.285128 0.009089 -0.000145
188 10563 57062.00 54.579583 20.655908 0.191725 0.724294
189 10636 57062.00 240.948708 -7.959745 0.210499 -0.023130
190 10860 57062.00 177.819695 -3.477942 0.094415 -0.039346
191 11054 57062.00 292.410402 -24.189730 0.222439 0.038097
192 11066 57062.00 162.577810 16.766223 0.200660 -0.315719
193 11284 57062.00 53.820928 21.268266 0.703138 0.151551
194 11311 57062.00 298.005420 -41.969813 0.872134 -0.046063
195 11398 57062.00 226.501041 -2.057223 1.033834 -0.256429
196 11405 57062.00 187.176987 13.389180 1.107789 -0.131052
197 11500 57062.00 295.805532 -12.138442 0.609192 0.161012
198 11885 57062.00 354.341397 -5.180761 0.262053 0.238556
199 12538 57062.00 68.233274 9.965606 0.487070 -0.108557
200 12711 57062.00 17.887838 49.027630 0.789030 0.198748
201 12923 57062.00 153.986522 9.227669 0.149685 -0.042350
202 13553 57062.00 238.561284 -15.953806 0.649167 -0.087607
203 13651 57062.00 63.004400 6.712790 0.346766 0.127656
204 14222 57062.00 202.467136 -16.591503 0.216427 -0.020546
205 14402 57062.00 45.488993 6.238774 0.215640 0.044803
206 14827 57062.00 8.239973 1.911178 0.656125 0.297238
207 15504 57062.00 139.849878 51.976734 0.010785 -0.003871
208 15745 57062.00 93.019119 14.079683 0.277857 0.045463
209 15760 57062.00 29.020732 13.119976 0.003844 0.001497
210 15788 57062.00 48.037667 19.537071 0.008417 0.002307
211 15789 57062.00 32.808862 16.863204 0.004383 0.001781
212 15807 57062.00 199.340753 -7.923919 0.003147 -0.001257
213 15809 57062.00 276.391160 -32.292752 0.006194 -0.000875
214 15810 57062.00 282.528832 -20.334118 0.004899 0.000134
215 15817 57062.00 103.719556 10.863458 0.544260 0.014161
216 15820 57062.00 38.245198 27.797550 0.008926 0.002757
217 15836 57062.00 167.031340 9.825483 0.004687 -0.001527
218 15874 57062.00 69.243278 8.970483 0.005716 -0.001130
219 15875 57062.00 73.531060 27.608110 0.008704 0.000492
220 15883 57062.00 162.945615 17.971279 0.003426 -0.000437
221 16064 57062.00 186.933591 -5.692908 0.229229 -0.117113
222 16636 57062.00 77.660250 27.462687 0.430555 -0.005307
223 16657 57062.00 178.440989 19.088095 0.202360 -0.182728
224 16684 57062.00 233.662589 -21.226977 0.003464 -0.001017
225 16816 57062.00 33.820386 12.912148 0.157918 0.151677
226 16834 57062.00 2.194432 17.568567 0.370616 0.125444
227 16912 57062.00 235.749203 3.088874 0.264700 -0.015547
228 16960 57062.00 348.991913 14.321993 0.158092 0.065031
229 17181 57062.00 274.212600 -19.765305 0.273264 -0.039141
230 17182 57062.00 297.293923 -27.080443 0.615646 0.174705
231 17188 57062.00 10.815529 34.409193 0.103693 0.023121
232 17274 57062.00 106.485740 24.622134 0.145390 -0.027551
233 17511 57062.00 26.244745 16.685008 0.365007 0.191984
234 18106 57062.00 208.402724 -7.211197 0.152060 -0.059361
235 18109 57062.00 209.622501 -11.693693 0.183271 -0.069239
236 18172 57062.00 298.254432 -33.919512 0.144910 0.052528
237 18736 57062.00 53.358629 21.715215 0.341199 0.069324
238 18882 57062.00 37.127870 49.580504 0.562374 0.031908
239 18916 57062.00 283.691935 -25.319488 0.136284 0.027083
240 19255 57062.00 86.897152 23.788158 0.004102 0.000142
241 19299 57062.00 52.931440 22.227581 0.007511 0.002139
242 19308 57062.00 11.005516 16.359001 0.002091 0.002241
243 19356 57062.00 346.214693 -4.719468 0.080209 0.028734
244 19521 57062.00 77.014549 28.752221 0.004564 0.001043
245 19764 57062.00 94.795041 23.534053 0.151602 -0.008112
246 20000 57062.00 120.103684 26.572653 0.003982 0.000186
247 20086 57062.00 124.114875 -1.277196 0.053585 -0.020357
248 20108 57062.00 43.318455 4.731056 0.004750 0.000099
249 20161 57062.00 24.439679 19.976372 0.003347 0.001791
250 20236 57062.00 77.349295 19.317181 0.217998 0.036912
251 20255 57062.00 353.864972 -1.298063 0.141571 0.033590
252 20425 57062.00 270.443326 -18.662187 0.567230 0.049717
253 20429 57062.00 313.011166 -23.626040 0.654109 0.140775
254 20460 57062.00 310.463511 2.949543 0.246164 0.238503
255 20461 57062.00 41.648308 -4.164041 -0.002342 -0.001101
256 20790 57062.00 203.240026 -18.644062 0.324339 -0.126288
257 20826 57062.00 13.051762 27.249684 0.070820 0.074023
258 21088 57062.00 182.259911 -43.512175 0.421975 -0.201738
259 21277 57062.00 344.845091 -5.081636 0.565757 0.015743
260 21374 57062.00 66.112740 25.802280 0.517928 0.297435
261 22099 57062.00 155.099562 13.215186 0.510873 -0.104507
262 22753 57062.00 56.925134 23.004793 0.386128 0.070826
263 22771 57062.00 160.685452 8.140574 0.328362 -0.215349
264 23183 57062.00 288.665847 -12.647417 0.222216 -0.142203
265 23187 57062.00 296.984834 18.830114 0.127368 -0.051117
266 23548 57062.00 184.153663 -12.001860 0.382448 -0.377782
267 23606 57062.00 171.723397 -10.017197 0.318994 -0.187665
268 23714 57062.00 53.704127 10.955540 0.139797 0.038823
269 24443 57062.00 189.105253 1.128417 0.209807 0.008023
270 24445 57062.00 225.802310 -7.418216 0.111046 0.011492
271 24475 57062.00 198.321892 6.289990 0.463045 -0.264552
272 24761 57062.00 214.265072 9.545032 0.353179 -0.128016
273 24835 57062.00 42.832981 30.758874 0.004099 0.002930
274 24952 57062.00 23.657609 22.254558 0.005634 0.003455
275 24978 57062.00 250.591128 -23.136563 0.003513 -0.000596
276 25143 57062.00 256.421242 -23.093725 1.224645 -0.139068
277 25330 57062.00 276.403317 -33.522590 0.386345 -0.044581
278 25916 57062.00 50.316864 6.783894 0.216042 0.103089
279 26166 57062.00 46.419511 7.346111 0.061346 0.005222
280 26181 57062.00 234.589989 -10.433618 0.003983 -0.000230
281 26308 57062.00 37.785956 6.721931 0.004251 0.000539
282 26310 57062.00 99.282379 18.181727 0.174453 -0.016735
283 26375 57062.00 180.498622 -5.538703 0.003987 -0.002248
284 26379 57062.00 350.576351 5.211825 0.680427 0.270133
285 26663 57062.00 316.792803 -13.674334 0.265316 0.150157
286 26677 57062.00 305.616449 -42.086899 0.690381 -0.029627
287 26760 57062.00 167.790824 9.159955 0.127010 -0.028431
288 26817 57062.00 191.699423 -2.656113 0.195529 -0.072448
289 27002 57062.00 289.332771 -18.925344 0.219111 -0.002631
290 27031 57062.00 89.123493 18.219436 0.192778 -0.002913
291 27234 57062.00 153.471115 10.652284 0.259965 -0.258532
292 27346 57062.00 91.839232 -3.818903 0.772582 0.357917
293 28978 57062.00 260.695598 -26.949426 0.003498 -0.001456
294 29075 57062.00 0.420963 1.159179 0.214442 0.152478
295 29981 57062.00 95.001585 17.397258 0.007791 -0.000287
296 30825 57062.00 63.658742 15.557401 0.074291 0.004350
297 30997 57062.00 25.885846 -0.756257 0.087887 0.126512
298 31210 57062.00 165.189231 9.315493 0.261830 -0.065808
299 31221 57062.00 339.733036 -5.289942 0.198605 0.177760
300 31345 57062.00 234.152337 -17.820439 0.214295 -0.025627
301 31346 57062.00 151.767359 8.296676 0.192905 -0.091778
302 31662 57062.00 170.926368 13.713506 0.152059 -0.125596
303 31669 57062.00 244.904337 -19.329332 0.234083 -0.077665
304 31824 57062.00 175.608324 7.601646 0.011341 -0.004942
305 32511 57062.00 32.311113 21.869177 0.069926 0.019388
306 32532 57062.00 100.728531 3.212813 0.020180 -0.003183
307 32906 57062.00 19.172581 25.292230 0.698383 0.416617
308 32929 57062.00 25.884867 14.519767 0.006667 0.002876
309 33001 57062.00 136.723003 17.451954 0.003437 -0.001093
310 33128 57062.00 173.078591 12.240793 0.004582 -0.001040
311 33340 57062.00 95.640961 21.693835 0.007872 -0.000012
312 33342 57062.00 6.036010 -5.233917 1.359058 0.625800
313 34613 57062.00 334.959912 -8.297613 0.366988 0.184704
314 35107 57062.00 108.278642 14.926000 0.750606 0.056263
315 35396 57062.00 72.079173 19.795993 0.561705 0.035390
316 35432 57062.00 266.177834 -16.937885 0.118672 -0.027051
317 35670 57062.00 221.245816 -21.339694 0.168798 -0.034909
318 35671 57062.00 16.056817 6.390439 0.004277 0.001351
319 36017 57062.00 118.910441 24.106025 0.639371 -0.163560
320 36183 57062.00 27.870431 -14.237549 0.669738 0.860231
321 36236 57062.00 38.371785 36.451565 0.424506 -0.243114
322 36284 57062.00 296.602585 -53.030584 2.475398 1.704605
323 37117 57062.00 290.406877 -12.758126 0.030798 0.010192
324 37336 57062.00 330.465561 23.601216 1.032399 0.135159
325 37384 57062.00 296.928434 -37.140126 0.101488 -0.004797
326 37638 57062.00 94.087311 19.386879 1.443576 0.034241
327 37655 57062.00 250.073099 -4.982312 0.134863 -0.034875
328 38071 57062.00 343.106692 0.016457 0.188228 0.038891
329 38083 57062.00 201.456870 -12.498902 0.002951 -0.002012
330 38084 57062.00 224.009881 -5.226082 0.005896 -0.001048
331 38086 57062.00 108.980531 2.331233 0.495125 0.045599
332 38239 57062.00 36.051165 11.292804 0.120259 0.020314
333 38628 57062.00 237.429422 -5.417240 0.006898 -0.000857
334 39565 57062.00 195.850314 -9.538438 0.249074 -0.146911
335 39572 57062.00 73.937177 31.148569 0.250024 0.003777
336 39774 57062.00 49.068952 6.114583 0.608983 0.018219
337 39796 57062.00 83.087533 10.720817 0.292503 0.029133
338 40263 57062.00 70.900489 -3.126660 0.667824 0.025409
339 40267 57062.00 214.996767 18.107679 0.294642 -0.023624
340 40314 57062.00 232.022726 -7.108162 0.005010 0.000732
341 40329 57062.00 151.799126 9.238096 0.118996 -0.041386
342 41429 57062.00 81.423574 25.381454 0.245974 0.012642
343 41434 57062.00 228.570502 -22.909151 0.404220 -0.205587
344 41440 57062.00 56.643280 18.371221 0.332772 0.163152
345 42286 57062.00 40.626504 8.902542 0.223700 0.187766
346 42301 57062.00 31.037530 13.400853 0.002579 0.000888
347 42355 57062.00 197.708108 -8.733009 0.011605 -0.005272
348 44594 57062.00 353.970485 0.236682 0.011880 0.005031
349 45802 57062.00 325.921601 -13.038793 0.003257 0.001017
350 47171 57062.00 32.268954 4.899393 0.006229 0.002580
351 47932 57062.00 230.708661 -23.907313 0.006907 -0.002926
352 48603 57062.00 250.906868 -27.187525 0.200677 -0.019811
353 48639 57062.00 46.189687 17.508417 0.003718 0.000977
354 49036 57062.00 26.918657 1.299102 0.010342 0.003476
355 49673 57062.00 339.829339 -18.128820 0.004004 0.000005
356 50000 57062.00 266.317013 -15.589234 0.003360 0.000001
357 52340 57062.00 327.476693 -18.922236 0.116049 0.052032
358 52381 57062.00 240.390600 -13.974669 0.536428 -0.067184
359 52387 57062.00 255.166037 -38.775178 0.714818 0.123447
360 52689 57062.00 87.436648 34.324232 0.356831 0.011186
361 52747 57062.00 259.286333 -23.226497 0.003600 -0.000305
362 52750 57062.00 54.810479 8.049334 1.458001 0.360084
363 52760 57062.00 166.073869 5.672828 0.078419 -0.036915
364 52761 57062.00 97.015658 17.127323 0.351203 -0.129364
365 52762 57062.00 4.714743 37.933071 0.074057 0.046655
366 52768 57062.00 29.844354 12.738928 0.088176 0.041445
367 52872 57062.00 285.847548 -8.097367 0.028388 0.000091
368 52975 57062.00 107.250013 32.677349 0.008562 -0.000038
369 53110 57062.00 334.739787 -47.441992 0.455719 0.007770
370 53311 57062.00 221.785897 -16.066216 0.003280 -0.001030
371 53319 57062.00 120.492299 16.849044 0.066829 0.001380
372 53409 57062.00 77.672933 14.490264 0.812746 -0.025283
373 53426 57062.00 153.293534 -13.018788 0.301980 -0.095556
374 53429 57062.00 72.685274 0.612470 0.104549 -0.015577
375 53430 57062.00 80.055303 -4.057918 0.407127 -0.507166
376 53435 57062.00 208.993828 -5.442182 0.097762 -0.068739
377 53550 57062.00 189.563528 -10.877299 0.700871 -0.348553
378 53789 57062.00 252.371627 14.221200 0.394501 0.077793
379 54071 57062.00 53.343820 28.487009 0.577566 0.359702
380 54401 57062.00 124.045775 2.019747 0.252150 -0.097395
381 54509 57062.00 57.957108 21.183732 0.783548 0.140278
382 54520 57062.00 326.063862 -10.436223 0.002598 0.001143
383 54598 57062.00 27.408272 30.489413 0.015627 0.008525
384 54660 57062.00 348.270822 32.539849 1.139967 -0.093506
385 54686 57062.00 101.916180 -6.201552 0.832852 0.165613
386 54690 57062.00 25.065776 3.609506 0.247076 0.360954
387 54789 57062.00 212.241542 12.306629 0.620101 -0.171543
388 55408 57062.00 274.227727 6.710454 0.922435 0.105718
389 55532 57062.00 35.840760 -21.426143 0.096597 0.079747
390 55565 57062.00 144.637372 0.918289 0.002531 -0.002084
391 55576 57062.00 268.652447 -33.218701 0.014068 0.001795
392 55636 57062.00 16.019458 32.246402 0.003624 0.002259
393 55637 57062.00 38.609254 9.746570 0.004081 -0.000011
394 55638 57062.00 81.867117 8.718519 0.007408 -0.000526
395 58534 57062.00 180.561415 2.072559 0.003271 -0.001323
396 59358 57062.00 156.305370 15.670472 0.004809 -0.001143
397 60454 57062.00 179.932601 -0.788323 0.003187 -0.001467
398 60458 57062.00 152.482507 3.571638 0.003551 -0.002847
399 60558 57062.00 331.658495 -9.804634 0.081665 0.023668
400 60608 57062.00 197.181284 -13.723761 0.009472 -0.003868
401 60620 57062.00 207.473275 -3.273813 0.004374 -0.000212
402 60621 57062.00 208.790580 -14.746064 0.003786 -0.001795
403 63252 57062.00 243.433442 -28.439023 0.020398 0.000086
404 65407 57062.00 241.183619 8.669341 -0.002787 -0.002227
405 65489 57062.00 228.692460 0.999414 0.004104 -0.000249
406 65674 57062.00 104.314941 33.583339 0.337095 -0.039546
407 65679 57062.00 7.242171 2.891613 0.636033 0.255131
408 65690 57062.00 177.837233 0.435992 0.919963 -0.200841
409 65706 57062.00 60.154447 30.171021 0.783601 0.169433
410 65717 57062.00 266.562969 -20.612046 0.382691 -0.009517
411 65733 57062.00 28.804479 15.433597 0.741899 0.299991
412 65803 57062.00 186.009200 0.842385 0.232534 -0.107455
413 65909 57062.00 93.455974 22.447812 2.543833 0.081620
414 65996 57062.00 120.305030 15.130467 0.075977 -0.026083
415 66008 57062.00 229.654387 35.558853 1.286696 0.278458
416 66063 57062.00 320.804784 -30.613238 0.240362 0.150182
417 66146 57062.00 52.440462 14.785358 0.940018 0.286836
418 66251 57062.00 327.340833 -4.200067 0.765792 0.166417
419 66253 57062.00 233.408527 0.133311 0.104671 -0.017345
420 66272 57062.00 42.121787 -20.899245 0.254863 0.421417
421 66391 57062.00 92.323971 2.949517 11.175912 -7.720708
422 66400 57062.00 233.316898 -15.173610 0.396079 -0.156646
423 66407 57062.00 245.232894 -10.071943 0.523034 -0.284458
424 66452 57062.00 336.515824 -10.775427 0.002971 0.000967
425 66652 57062.00 348.664874 -5.477179 0.003435 0.001411
426 66959 57062.00 242.249889 -13.763872 0.140040 -0.080978
427 67367 57062.00 188.823820 -13.114128 0.608265 -0.221311
428 67381 57062.00 48.578384 27.743485 0.357984 0.058413
429 67399 57062.00 226.867958 -32.647130 1.471270 -0.419415
430 68031 57062.00 8.409211 -10.735828 0.484471 0.136623
431 68063 57062.00 104.390576 25.343601 0.342667 -0.059465
432 68216 57062.00 230.172139 -29.955650 0.349912 -0.171834
433 68267 57062.00 97.153620 62.088182 0.825304 -0.010767
434 68278 57062.00 203.300078 -7.013185 0.464283 -0.188533
435 68346 57062.00 96.050531 9.240088 0.635972 -0.126974
436 68347 57062.00 346.639652 12.169748 0.657967 0.222933
437 68348 57062.00 192.246448 -22.326834 0.275619 -0.013458
438 68350 57062.00 31.207896 -17.840682 0.592425 0.143555
439 68359 57062.00 18.883239 -2.579538 0.446266 0.193430
440 68372 57062.00 77.049202 22.195710 0.338305 -0.015893
441 68548 57062.00 81.204925 38.067153 0.516615 -0.098624
442 68950 57062.00 252.885903 -14.619169 0.702412 0.213614
443 69230 57062.00 272.556447 -28.572395 0.254746 -0.009523
444 69986 57062.00 82.139734 16.496772 0.005754 -0.000837
445 69987 57062.00 69.602959 21.155037 0.004103 0.000536
446 69988 57062.00 56.197036 25.959409 0.003689 0.001169
447 69990 57062.00 80.684284 20.461774 0.005683 -0.000210
448 73480 57062.00 17.466452 25.411947 0.011034 0.004569
449 76803 57062.00 333.780410 -24.321318 0.004728 -0.000914
450 78799 57062.00 86.699045 32.817226 0.003629 0.000580
451 78801 57062.00 192.156673 -2.822023 0.313088 -0.086541
452 79360 57062.00 139.036136 15.362264 0.003508 -0.001229
453 79969 57062.00 187.648485 -5.280266 0.004644 -0.002271
454 79978 57062.00 151.675951 14.692856 0.002778 -0.002189
455 79983 57062.00 174.580884 -1.477368 0.003431 -0.002208
456 80806 57062.00 157.739727 13.149934 0.003372 -0.001429
457 82075 57062.00 138.691151 19.103817 0.003864 0.000057
458 82155 57062.00 207.034335 -17.840170 0.005744 -0.003476
459 82157 57062.00 182.977018 1.753104 0.003890 -0.001368
460 82158 57062.00 212.374438 4.234961 0.005809 0.000617
461 83943 57062.00 157.859257 -1.666585 0.139358 -0.008624
462 83982 57062.00 296.132148 -20.565523 0.014111 -0.000795
463 84522 57062.00 34.240086 25.813908 0.002503 0.002808
464 84719 57062.00 48.325864 25.235081 0.004180 0.001899
465 84922 57062.00 71.756459 33.593485 0.005928 -0.000187
466 85182 57062.00 18.564790 10.085683 0.087095 0.038755
467 85184 57062.00 97.852201 -4.830269 0.620443 -0.263465
468 85236 57062.00 198.285029 0.835094 0.366460 -0.236058
469 85275 57062.00 240.556335 -2.747435 0.391640 -0.100555
470 85490 57062.00 157.281361 7.398871 0.035658 -0.015307
471 85585 57062.00 289.051307 -26.269355 0.372783 0.049260
472 85627 57062.00 250.692683 -22.681283 0.003727 -0.000580
473 85628 57062.00 317.529172 -28.674193 0.297216 0.053092
474 85633 57062.00 326.154932 -14.412581 0.003198 0.000998
475 85640 57062.00 172.976308 -0.955412 0.403541 -0.196589
476 85709 57062.00 304.090589 2.589513 0.565176 0.016125
477 85713 57062.00 208.384545 -9.260641 1.120811 -0.669245
478 85770 57062.00 91.679782 55.415916 0.973198 0.079673
479 85774 57062.00 336.020755 -24.526973 0.382552 0.128197
480 85804 57062.00 127.012002 7.828037 0.550433 -0.448772
481 85818 57062.00 299.648646 44.256473 0.311829 0.134173
482 85839 57062.00 334.135340 -19.339571 0.441066 0.200522
483 85867 57062.00 337.593159 -8.380969 0.227702 0.089278
484 85938 57062.00 3.224787 -1.642277 0.182748 0.113711
485 85953 57062.00 196.481585 -3.216225 0.537372 -0.098499
486 85989 57062.00 234.382528 -2.251172 0.459569 -0.148317
487 85990 57062.00 138.619585 17.090890 0.703419 -0.146323
488 86039 57062.00 244.173945 -27.860501 0.152139 -0.016608
489 86047 57062.00 322.906831 -4.597772 0.002741 0.002469
490 86067 57062.00 166.300807 20.176513 0.534533 0.036215
491 86177 57062.00 348.725088 5.925382 0.003836 0.003617
492 86324 57062.00 199.935919 -45.336199 0.240536 -0.056885
493 86326 57062.00 103.852918 37.700441 0.675925 0.251072
494 86450 57062.00 23.131905 -9.043215 2.345846 0.716766
495 86666 57062.00 269.717550 5.377961 0.243890 0.014906
496 86667 57062.00 127.373688 4.503705 1.586875 -0.332171
497 86819 57062.00 70.780782 12.139820 0.342762 0.040174
498 86829 57062.00 292.734609 -29.476410 0.206119 -0.012186
499 86878 57062.00 281.584504 -15.681751 0.213104 0.038974
