0 00433 57066.00 2.136155 11.399404 0.440904 0.238219
1 00719 57066.00 101.161487 11.540597 0.211680 -0.011281
2 00887 57066.00 276.830870 -20.977987 0.087797 -0.009772
3 00944 57066.00 288.899065 -64.756681 0.061352 0.000672
4 01036 57066.00 212.583543 -13.457899 0.151569 0.019389
5 01221 57066.00 288.516261 -11.656793 0.511849 0.017051
6 01362 57066.00 211.021382 13.090063 0.080217 -0.027777
7 01373 57066.00 234.377358 -52.947729 0.146464 0.011717
8 01566 57066.00 328.809566 -32.139830 0.321177 0.030119
9 01580 57066.00 168.177111 62.491962 1.052035 -0.235035
10 01620 57066.00 160.675464 7.634801 0.661048 -0.465410
11 01627 57066.00 146.513539 15.097847 0.207019 -0.039881
12 01685 57066.00 216.075826 -22.291295 0.278398 -0.060480
13 01862 57066.00 113.590550 27.889657 0.298513 -0.036037
14 01863 57066.00 90.894453 41.308723 0.136737 -0.008802
15 01864 57066.00 170.896865 12.557837 0.134293 -0.128568
16 01865 57066.00 322.504850 0.991061 0.459258 0.107394
17 01866 57066.00 158.567499 52.819877 0.314544 -0.066313
18 01915 57066.00 320.371409 -6.976914 0.084400 -0.001468
19 01916 57066.00 270.852032 -35.568963 0.841259 0.056449
20 01917 57066.00 55.748074 1.677106 0.985944 -0.049921
21 01921 57066.00 30.147355 27.126171 0.363379 0.219068
22 01922 57066.00 14.245211 23.678787 0.158677 -0.019611
23 01943 57066.00 25.019253 16.077341 0.369540 0.091116
24 01951 57066.00 297.338766 -10.232484 0.603513 -0.308906
25 01980 57066.00 236.347507 -23.574597 0.362921 0.084587
26 01981 57066.00 109.498984 61.512566 0.262703 -0.044401
27 02059 57066.00 296.398790 -10.065046 0.331270 0.053756
28 02060 57066.00 346.052930 -0.874229 0.009809 0.003130
29 02061 57066.00 304.994521 -15.700653 0.773108 0.169127
30 02062 57066.00 155.172862 23.609871 1.064230 -0.128365
31 02063 57066.00 114.791421 30.852818 2.172775 -0.259152
32 02100 57066.00 347.695811 -4.129320 0.562888 0.069791
33 02101 57066.00 251.433874 -23.675577 0.258884 -0.031381
34 02102 57066.00 35.311591 -57.226379 0.608016 0.244465
35 02135 57066.00 347.322963 4.096377 0.321018 0.010045
36 02201 57066.00 52.088763 17.958874 0.391965 0.109653
37 02202 57066.00 157.940542 7.113285 0.203677 -0.047494
38 02212 57066.00 50.753109 24.033478 0.053056 0.021904
39 02329 57066.00 117.035738 1.432359 0.091112 0.006408
40 02340 57066.00 98.627228 17.805362 0.679352 -0.065038
41 02368 57066.00 110.480767 21.974001 0.217426 -0.047360
42 02608 57066.00 5.376251 -2.345699 0.095710 0.015476
43 03102 57066.00 164.053111 5.377753 0.138443 -0.035018
44 03103 57066.00 51.496367 -2.679687 1.216159 0.399927
45 03122 57066.00 283.103553 -41.594918 0.755214 0.180483
46 03199 57066.00 169.465559 -3.637763 0.196234 -0.283712
47 03200 57066.00 86.276438 22.859395 0.725748 -0.248851
48 03271 57066.00 170.152069 8.647654 0.183413 0.004506
49 03288 57066.00 359.672820 3.795581 0.161805 0.054952
50 03352 57066.00 239.740491 -17.007831 0.324610 -0.083381
51 03360 57066.00 132.890141 -3.578968 0.059335 -0.023847
52 03361 57066.00 20.498469 8.002937 0.670262 0.231306
53 03362 57066.00 325.711274 -12.150367 0.915538 0.146506
54 03551 57066.00 168.263769 3.921274 0.139423 -0.033558
55 03552 57066.00 150.468802 28.816878 0.023308 -0.022995
56 03553 57066.00 269.753639 0.864540 0.356677 0.196339
57 03554 57066.00 187.308910 -8.489389 0.425913 -0.440894
58 03671 57066.00 93.181418 25.968487 0.127527 0.023356
59 03688 57066.00 55.515670 21.288758 0.224912 0.055869
60 03691 57066.00 151.465386 20.312950 0.436936 -0.337415
61 03752 57066.00 236.310156 36.472659 0.547281 -0.061631
62 03753 57066.00 286.509494 -15.431393 0.967484 -0.202078
63 03757 57066.00 22.360333 6.082247 0.685586 0.302066
64 03800 57066.00 7.461304 -12.935017 0.415275 0.170153
65 03838 57066.00 91.098816 5.399599 0.134491 -0.057181
66 03908 57066.00 278.839870 -22.563345 0.398265 0.035821
67 03988 57066.00 219.374705 -16.887475 0.586211 -0.070519
68 04015 57066.00 150.432899 9.538198 0.103327 -0.040624
69 04034 57066.00 351.481845 -6.186629 0.973953 0.208923
70 04055 57066.00 211.865934 4.558160 0.376812 -0.026218
71 04179 57066.00 226.748700 -17.076182 0.070730 -0.019521
72 04183 57066.00 212.006929 -19.924820 1.602293 -0.503347
73 04197 57066.00 287.011738 -35.090733 0.118694 0.013778
74 04257 57066.00 347.938717 -3.584090 0.532662 -0.171222
75 04341 57066.00 274.645233 -20.510177 0.172366 -0.028712
76 04401 57066.00 157.551931 33.975397 0.733600 -0.474464
77 04450 57066.00 170.880052 0.084047 1.327916 -0.688939
78 04486 57066.00 66.739100 20.977953 0.089494 0.017345
79 04487 57066.00 21.790428 7.614140 0.837167 0.078180
80 04503 57066.00 322.514851 -17.425410 0.087170 0.027595
81 04544 57066.00 298.742148 -35.232919 1.498235 0.242848
82 04581 57066.00 197.527915 -5.787331 0.723584 -0.229283
83 04587 57066.00 110.120544 -1.168016 0.107385 0.000452
84 04596 57066.00 322.209642 -5.764346 0.506989 -0.162501
85 04660 57066.00 223.600656 -18.142094 0.484026 -0.138394
86 04688 57066.00 229.114889 -19.245674 0.186962 -0.027174
87 04769 57066.00 160.643732 5.779028 1.507419 -0.889327
88 04947 57066.00 190.550138 -10.909126 0.477648 -0.070060
89 04953 57066.00 272.224282 -29.769370 0.560700 -0.208233
90 04954 57066.00 231.078405 -34.211407 0.161971 -0.059839
91 04957 57066.00 154.177803 -27.178975 0.341202 -0.133490
92 05011 57066.00 6.108595 2.021016 0.429862 0.253878
93 05131 57066.00 90.050046 9.047775 0.182108 0.116720
94 05143 57066.00 334.567491 -6.506503 0.112127 0.062747
95 05145 57066.00 263.625855 -8.218956 0.004505 -0.002032
96 05189 57066.00 150.991275 12.746890 0.269356 -0.080323
97 05201 57066.00 301.387742 -23.604596 0.072443 0.014609
98 05261 57066.00 303.333452 -1.684902 0.532811 0.230642
99 05324 57066.00 131.346000 33.312255 0.066468 -0.030745
100 05332 57066.00 9.832971 -14.411808 0.509061 0.041579
101 05335 57066.00 319.744807 -0.721573 0.000397 0.003564
102 05370 57066.00 176.319154 0.988263 0.053973 -0.004104
103 05381 57066.00 159.316251 61.522553 3.603359 -0.665322
104 05496 57066.00 248.930369 39.395084 1.024090 -1.266627
105 05587 57066.00 121.023578 3.217782 0.117278 -0.011253
106 05590 57066.00 347.045015 5.636760 1.020293 0.243326
107 05604 57066.00 342.205993 -4.974718 2.014159 0.997275
108 05620 57066.00 154.638886 13.804032 0.219942 -0.053429
109 05626 57066.00 235.783729 -16.169712 0.132137 -0.025516
110 05645 57066.00 237.758426 -23.766281 0.351470 -0.154137
111 05646 57066.00 221.563492 -20.359484 0.234816 -0.099295
112 05653 57066.00 217.580409 -18.577583 0.455937 -0.195892
113 05660 57066.00 312.332861 -9.969572 0.424893 0.564673
114 05693 57066.00 220.702153 -11.427808 0.425776 -0.157217
115 05731 57066.00 330.065214 -2.905180 0.076828 0.040920
116 05751 57066.00 336.472511 -18.553187 0.150991 0.018269
117 05786 57066.00 324.911313 -6.699008 0.324056 -0.018549
118 05797 57066.00 285.827739 -23.702233 0.170786 0.028321
119 05828 57066.00 131.805731 19.939217 0.206087 0.048404
120 05836 57066.00 152.817258 2.737986 0.096766 -0.035478
121 05863 57066.00 111.024727 5.320175 0.117789 0.003579
122 05869 57066.00 313.164625 1.096378 0.248845 0.078209
123 05879 57066.00 214.339765 6.975510 0.643849 -0.126404
124 06037 57066.00 2.733288 1.155702 1.526876 0.552079
125 06047 57066.00 200.549858 -17.512108 0.465899 -0.433724
126 06050 57066.00 112.834948 24.253119 0.406506 -0.020315
127 06053 57066.00 150.421204 7.243936 0.222725 -0.194005
128 06063 57066.00 316.150159 -13.773493 0.069455 0.014919
129 06130 57066.00 264.509200 -3.472847 0.450342 -0.127543
130 06178 57066.00 302.937047 -23.621372 0.274884 0.043962
131 06239 57066.00 103.972583 26.319691 0.724487 -0.084563
132 06455 57066.00 167.207132 41.049418 0.136610 -0.112911
133 06456 57066.00 255.145466 -29.656499 0.761219 -0.015769
134 06489 57066.00 204.167469 -10.212331 0.686326 -0.233236
135 06491 57066.00 191.953350 -11.322411 0.630902 -0.284590
136 06569 57066.00 80.617065 11.032578 0.307872 0.126239
137 06611 57066.00 330.709046 -2.861219 0.166269 0.057223
138 07025 57066.00 321.781325 -13.422269 0.343856 0.032379
139 07066 57066.00 337.631560 -24.197657 0.005654 0.002827
140 07088 57066.00 236.199167 -13.710696 0.214091 -0.071255
141 07092 57066.00 358.510299 -18.608401 0.068914 0.038692
142 07096 57066.00 279.784213 -14.579929 0.169851 -0.010332
143 07236 57066.00 37.923909 32.013720 0.234026 0.061336
144 07335 57066.00 192.920269 7.670627 0.397778 -0.254405
145 07336 57066.00 136.470196 11.880014 0.170973 -0.033572
146 07341 57066.00 243.000322 -25.297721 0.260265 -0.028383
147 07350 57066.00 269.315651 -18.397496 0.330957 -0.031223
148 07358 57066.00 8.724873 8.648414 0.975543 0.389730
149 07467 57066.00 12.156170 -10.136361 0.390018 0.228241
150 07474 57066.00 171.437718 11.264759 0.281472 -0.112737
151 07480 57066.00 172.204603 10.576538 0.306798 -0.091182
152 07482 57066.00 350.904578 -29.773793 0.389285 0.002346
153 07604 57066.00 232.585374 1.932492 0.056123 -0.012712
154 07753 57066.00 231.738590 -17.718438 0.472030 -0.140248
155 07822 57066.00 194.651747 16.268469 0.660192 0.078548
156 07839 57066.00 146.536088 31.071112 0.139463 0.001442
157 07888 57066.00 312.215386 -2.690346 0.068089 -0.007257
158 07889 57066.00 183.902345 33.848110 1.205196 -0.164589
159 07977 57066.00 159.622292 18.442076 0.207842 0.003257
160 08013 57066.00 82.617457 20.347343 0.147307 0.023448
161 08014 57066.00 163.909114 5.370450 0.183076 -0.070979
162 08034 57066.00 20.109193 9.593081 0.568614 0.205943
163 08035 57066.00 70.754353 -3.607928 0.543562 -0.038281
164 08037 57066.00 50.801546 21.770164 0.599724 0.197453
165 08176 57066.00 194.492519 35.436287 0.289493 -0.218068
166 08201 57066.00 331.045873 -9.309293 0.140661 0.026945
167 08373 57066.00 39.257355 -24.053532 0.118929 0.090965
168 08405 57066.00 62.010916 36.758803 0.011555 0.003208
169 08507 57066.00 138.723448 16.308059 0.137629 -0.082101
170 08566 57066.00 308.855506 4.369090 1.385128 -0.396598
171 08567 57066.00 115.993575 13.730225 0.290498 -0.030652
172 08709 57066.00 3.874796 -1.754525 0.344160 0.137224
173 09058 57066.00 53.081252 14.457225 0.500229 -0.012310
174 09162 57066.00 327.879963 -7.770963 1.046064 0.223396
175 09172 57066.00 206.052318 -18.965667 0.099875 -0.032967
176 09202 57066.00 83.002079 57.022021 1.991178 -0.416573
177 09400 57066.00 311.292598 -52.784487 0.226284 0.087080
178 09767 57066.00 32.892751 35.028167 0.070271 0.030235
179 09856 57066.00 269.838209 -13.814637 1.625561 -0.057394
180 09950 57066.00 156.595937 -5.888527 0.095329 -0.039500
181 10115 57066.00 17.189920 10.512031 0.393324 0.294220
182 10145 57066.00 151.717199 11.513783 0.141158 -0.064861
183 10150 57066.00 182.750335 41.353826 0.126794 -0.006902
184 10165 57066.00 67.465196 43.059695 0.715709 -0.019598
185 10199 57066.00 267.260238 -36.562559 0.019277 0.005358
186 10302 57066.00 212.384939 -8.673970 0.709350 -0.271930
187 10370 57066.00 268.368654 -19.285560 0.009080 -0.000131
188 10563 57066.00 55.329870 23.583677 0.204515 0.742901
189 10636 57066.00 241.803773 -8.051402 0.207348 -0.022293
190 10860 57066.00 178.201614 -3.636656 0.095380 -0.039599
191 11054 57066.00 293.321823 -24.028947 0.224605 0.040049
192 11066 57066.00 163.367318 15.519806 0.195384 -0.311275
193 11284 57066.00 56.645865 21.853694 0.726640 0.143425
194 11311 57066.00 301.613405 -42.085923 0.914310 -0.019135
195 11398 57066.00 230.667655 -3.074853 1.029652 -0.251523
196 11405 57066.00 191.703184 12.825004 1.146194 -0.156193
197 11500 57066.00 298.229915 -11.488502 0.588442 0.161494
198 11885 57066.00 355.398293 -4.210521 0.268092 0.245567
199 12538 57066.00 70.177287 9.518418 0.500644 -0.114674
200 12711 57066.00 21.036235 49.751724 0.798559 0.174316
201 12923 57066.00 154.583266 9.059880 0.150677 -0.042824
202 13553 57066.00 241.235959 -16.295845 0.671828 -0.081816
203 13651 57066.00 64.364066 7.219883 0.346290 0.126313
204 14222 57066.00 203.352472 -16.676728 0.220894 -0.019947
205 14402 57066.00 46.336816 6.416661 0.216815 0.044737
206 14827 57066.00 10.785609 3.066073 0.623605 0.281041
207 15504 57066.00 139.890976 51.963262 0.010852 -0.003858
208 15745 57066.00 94.109949 14.260587 0.278335 0.044284
209 15760 57066.00 29.035308 13.125773 0.003829 0.001499
210 15788 57066.00 48.069728 19.546027 0.008403 0.002315
211 15789 57066.00 32.825440 16.870079 0.004367 0.001785
212 15807 57066.00 199.353945 -7.929074 0.003163 -0.001256
213 15809 57066.00 276.417493 -32.295990 0.006185 -0.000862
214 15810 57066.00 282.549687 -20.333377 0.004889 0.000142
215 15817 57066.00 105.872886 10.915509 0.546989 0.010503
216 15820 57066.00 38.279359 27.808080 0.008907 0.002766
217 15836 57066.00 167.050116 9.819603 0.004710 -0.001527
218 15874 57066.00 69.264855 8.965936 0.005711 -0.001127
219 15875 57066.00 73.564006 27.610039 0.008700 0.000503
220 15883 57066.00 162.959262 17.969849 0.003444 -0.000437
221 16064 57066.00 187.847403 -6.156812 0.224285 -0.113852
222 16636 57066.00 79.332561 27.432066 0.419625 -0.009990
223 16657 57066.00 179.244106 18.368974 0.197148 -0.180110
224 16684 57066.00 233.677545 -21.231198 0.003473 -0.001011
225 16816 57066.00 34.441218 13.519236 0.160813 0.153663
226 16834 57066.00 3.655364 18.051108 0.363669 0.119943
227 16912 57066.00 236.831457 3.026334 0.266314 -0.015921
228 16960 57066.00 349.636292 14.580828 0.164479 0.067193
229 17181 57066.00 275.311573 -19.913617 0.264819 -0.036153
230 17182 57066.00 299.707437 -26.368550 0.576581 0.175820
231 17188 57066.00 11.224424 34.494404 0.103854 0.022866
232 17274 57066.00 107.049669 24.514588 0.143598 -0.027677
233 17511 57066.00 27.695707 17.443980 0.370257 0.190864
234 18106 57066.00 209.026658 -7.451345 0.154449 -0.059902
235 18109 57066.00 210.370736 -11.972906 0.184518 -0.068948
236 18172 57066.00 298.848572 -33.701381 0.145338 0.053835
237 18736 57066.00 54.719413 21.986977 0.350679 0.068284
238 18882 57066.00 39.363806 49.675226 0.570519 0.021534
239 18916 57066.00 284.253326 -25.206705 0.137723 0.028054
240 19255 57066.00 86.912392 23.788808 0.004105 0.000149
241 19299 57066.00 52.959905 22.235898 0.007499 0.002147
242 19308 57066.00 11.013441 16.367712 0.002075 0.002243
243 19356 57066.00 346.535615 -4.603409 0.080099 0.028816
244 19521 57066.00 77.031516 28.756402 0.004564 0.001052
245 19764 57066.00 95.384592 23.502483 0.150986 -0.008549
246 20000 57066.00 120.118754 26.573727 0.003996 0.000191
247 20086 57066.00 124.323227 -1.358895 0.053850 -0.020407
248 20108 57066.00 43.336385 4.731394 0.004737 0.000100
249 20161 57066.00 24.452338 19.983242 0.003331 0.001795
250 20236 57066.00 78.209197 19.464322 0.222416 0.036670
251 20255 57066.00 354.426922 -1.163808 0.140281 0.033380
252 20425 57066.00 272.697977 -18.451252 0.543480 0.054403
253 20429 57066.00 315.581911 -23.042054 0.621150 0.145252
254 20460 57066.00 311.452760 3.891770 0.241106 0.233243
255 20461 57066.00 41.637501 -4.168375 -0.002358 -0.001102
256 20790 57066.00 204.538117 -19.143654 0.317533 -0.120498
257 20826 57066.00 13.330009 27.541185 0.071507 0.074498
258 21088 57066.00 183.991713 -44.328044 0.439400 -0.197544
259 21277 57066.00 347.147737 -5.010774 0.585185 0.018377
260 21374 57066.00 68.167913 26.974366 0.527837 0.289927
261 22099 57066.00 157.137940 12.795656 0.511880 -0.108921
262 22753 57066.00 58.420805 23.273304 0.376783 0.065501
263 22771 57066.00 162.015837 7.266450 0.338603 -0.223685
264 23183 57066.00 289.582112 -13.216214 0.226390 -0.143447
265 23187 57066.00 297.508272 18.620800 0.127623 -0.051849
266 23548 57066.00 185.675404 -13.488628 0.374021 -0.362506
267 23606 57066.00 173.017936 -10.777333 0.327320 -0.190055
268 23714 57066.00 54.246739 11.108632 0.138831 0.038344
269 24443 57066.00 189.936262 1.160109 0.201539 0.007631
270 24445 57066.00 226.257838 -7.373063 0.110625 0.011577
271 24475 57066.00 200.158183 5.247914 0.447305 -0.257762
272 24761 57066.00 215.691269 9.035000 0.349753 -0.128484
273 24835 57066.00 42.848186 30.770250 0.004086 0.002938
274 24952 57066.00 23.679168 22.267935 0.005613 0.003461
275 24978 57066.00 250.606370 -23.138988 0.003516 -0.000588
276 25143 57066.00 261.350434 -23.568621 1.212956 -0.098609
277 25330 57066.00 277.968137 -33.684898 0.381818 -0.038899
278 25916 57066.00 51.156348 7.190706 0.212367 0.100877
279 26166 57066.00 46.655803 7.366265 0.060979 0.005184
280 26181 57066.00 234.606956 -10.434611 0.003990 -0.000227
281 26308 57066.00 37.802022 6.723998 0.004237 0.000540
282 26310 57066.00 99.960682 18.115944 0.172867 -0.017108
283 26375 57066.00 180.514881 -5.547809 0.004007 -0.002247
284 26379 57066.00 353.389952 6.317626 0.728804 0.284903
285 26663 57066.00 317.853326 -13.072293 0.258593 0.148434
286 26677 57066.00 308.406177 -42.156017 0.690807 -0.012645
287 26760 57066.00 168.302160 9.047474 0.128639 -0.028934
288 26817 57066.00 192.498413 -2.949585 0.200146 -0.073863
289 27002 57066.00 290.223106 -18.930187 0.217172 -0.001483
290 27031 57066.00 89.873323 18.207596 0.191064 -0.003539
291 27234 57066.00 154.503112 9.620007 0.259148 -0.259746
292 27346 57066.00 94.851474 -2.400497 0.752155 0.351366
293 28978 57066.00 260.710891 -26.955209 0.003497 -0.001447
294 29075 57066.00 1.265000 1.762589 0.210169 0.149545
295 29981 57066.00 95.030950 17.396281 0.007793 -0.000279
296 30825 57066.00 63.944501 15.573962 0.074419 0.004316
297 30997 57066.00 26.226444 -0.248260 0.088252 0.127445
298 31210 57066.00 166.224751 9.056764 0.256353 -0.065173
299 31221 57066.00 340.529119 -4.576267 0.197999 0.178173
300 31345 57066.00 235.032977 -17.923676 0.216887 -0.024825
301 31346 57066.00 152.538312 7.929226 0.195199 -0.093239
302 31662 57066.00 171.538251 13.212583 0.153283 -0.127212
303 31669 57066.00 245.853318 -19.635270 0.229572 -0.074558
304 31824 57066.00 175.654183 7.582258 0.011387 -0.004942
305 32511 57066.00 32.583736 21.944149 0.069602 0.019233
306 32532 57066.00 100.805893 3.200162 0.020201 -0.003181
307 32906 57066.00 22.010534 26.934489 0.731550 0.410660
308 32929 57066.00 25.910484 14.530966 0.006645 0.002880
309 33001 57066.00 136.736210 17.447858 0.003453 -0.001090
310 33128 57066.00 173.097095 12.236922 0.004605 -0.001041
311 33340 57066.00 95.670835 21.693982 0.007881 -0.000004
312 33342 57066.00 11.189744 -2.819929 1.233958 0.579640
313 34613 57066.00 336.413891 -7.560797 0.357317 0.181955
314 35107 57066.00 111.230402 15.135854 0.742365 0.046073
315 35396 57066.00 74.249169 19.920892 0.540956 0.027674
316 35432 57066.00 266.665249 -17.044325 0.117738 -0.026469
317 35670 57066.00 221.932020 -21.480523 0.166688 -0.033599
318 35671 57066.00 16.073294 6.395722 0.004258 0.001352
319 36017 57066.00 121.395255 23.449576 0.616754 -0.169023
320 36183 57066.00 30.473640 -10.785684 0.647760 0.861343
321 36236 57066.00 40.000042 35.469006 0.404186 -0.242671
322 36284 57066.00 305.223427 -45.822448 1.837995 1.861012
323 37117 57066.00 290.535128 -12.716551 0.030826 0.010256
324 37336 57066.00 334.627321 24.071247 1.041908 0.107519
325 37384 57066.00 297.343735 -37.154097 0.100721 -0.004328
326 37638 57066.00 99.856573 19.439007 1.464482 -0.011255
327 37655 57066.00 250.628679 -5.120797 0.133042 -0.034243
328 38071 57066.00 343.855145 0.170880 0.185314 0.038351
329 38083 57066.00 201.469360 -12.507152 0.002968 -0.002009
330 38084 57066.00 224.034689 -5.230346 0.005910 -0.001046
331 38086 57066.00 110.888865 2.508825 0.473336 0.042890
332 38239 57066.00 36.519744 11.371649 0.119721 0.020091
333 38628 57066.00 237.458579 -5.420717 0.006908 -0.000854
334 39565 57066.00 196.865309 -10.130982 0.252854 -0.147607
335 39572 57066.00 74.907407 31.159569 0.246354 0.002046
336 39774 57066.00 51.468167 6.180258 0.605515 0.015473
337 39796 57066.00 84.224067 10.834553 0.286792 0.027557
338 40263 57066.00 73.521311 -3.022277 0.659890 0.026697
339 40267 57066.00 216.232850 18.012947 0.311646 -0.027033
340 40314 57066.00 232.043998 -7.105303 0.005021 0.000735
341 40329 57066.00 152.271823 9.074299 0.119329 -0.041599
342 41429 57066.00 82.377077 25.429431 0.242607 0.011048
343 41434 57066.00 230.226124 -23.728884 0.410497 -0.201633
344 41440 57066.00 57.950696 19.014915 0.333390 0.160126
345 42286 57066.00 41.505793 9.652548 0.225768 0.188428
346 42301 57066.00 31.047192 13.404257 0.002568 0.000890
347 42355 57066.00 197.755775 -8.754395 0.011635 -0.005264
348 44594 57066.00 354.017682 0.256799 0.011845 0.005034
349 45802 57066.00 325.935004 -13.034496 0.003239 0.001019
350 47171 57066.00 32.292757 4.909621 0.006211 0.002582
351 47932 57066.00 230.737918 -23.919300 0.006922 -0.002914
352 48603 57066.00 251.733406 -27.265371 0.202474 -0.018625
353 48639 57066.00 46.203607 17.512168 0.003708 0.000981
354 49036 57066.00 26.958509 1.312960 0.010310 0.003475
355 49673 57066.00 339.845479 -18.128449 0.003983 0.000006
356 50000 57066.00 266.331564 -15.589177 0.003357 0.000007
357 52340 57066.00 327.946934 -18.708201 0.116372 0.052747
358 52381 57066.00 242.565506 -14.235127 0.534972 -0.061905
359 52387 57066.00 258.027854 -38.250173 0.694399 0.139098
360 52689 57066.00 88.836853 34.363595 0.357091 0.007340
361 52747 57066.00 259.301926 -23.227690 0.003600 -0.000297
362 52750 57066.00 60.833715 9.495508 1.582628 0.363165
363 52760 57066.00 166.386800 5.526639 0.078226 -0.036782
364 52761 57066.00 98.396411 16.606169 0.351722 -0.132454
365 52762 57066.00 5.006909 38.112510 0.074205 0.046524
366 52768 57066.00 30.188716 12.902699 0.088418 0.041503
367 52872 57066.00 285.965285 -8.096650 0.028317 0.000110
368 52975 57066.00 107.282440 32.677694 0.008577 -0.000026
369 53110 57066.00 336.567672 -47.379440 0.454502 0.015077
370 53311 57066.00 221.799959 -16.070507 0.003292 -0.001026
371 53319 57066.00 120.751785 16.856517 0.066928 0.001333
372 53409 57066.00 80.782529 14.372104 0.762672 -0.033578
373 53426 57066.00 154.514835 -13.408926 0.311787 -0.096786
374 53429 57066.00 73.088307 0.550234 0.104145 -0.015524
375 53430 57066.00 81.636332 -6.060663 0.399924 -0.494073
376 53435 57066.00 209.393937 -5.717382 0.097572 -0.068332
377 53550 57066.00 192.460322 -12.295480 0.740139 -0.356657
378 53789 57066.00 253.987973 14.528703 0.399284 0.075678
379 54071 57066.00 55.669406 29.912118 0.603962 0.356059
380 54401 57066.00 125.039630 1.630444 0.252228 -0.097492
381 54509 57066.00 61.091995 21.716763 0.805065 0.128435
382 54520 57066.00 326.074579 -10.431492 0.002581 0.001144
383 54598 57066.00 27.468555 30.522390 0.015599 0.008538
384 54660 57066.00 352.837375 32.057313 1.143502 -0.136290
385 54686 57066.00 105.181588 -5.536790 0.817128 0.167487
386 54690 57066.00 26.045995 5.063002 0.251734 0.366672
387 54789 57066.00 214.717246 11.620606 0.605695 -0.173737
388 55408 57066.00 277.910129 7.111562 0.897530 0.095762
389 55532 57066.00 36.211074 -21.104308 0.095170 0.079190
390 55565 57066.00 144.647125 0.909965 0.002547 -0.002084
391 55576 57066.00 268.711565 -33.211214 0.014048 0.001823
392 55636 57066.00 16.033296 32.254922 0.003605 0.002263
393 55637 57066.00 38.624655 9.746409 0.004068 -0.000008
394 55638 57066.00 81.895133 8.716438 0.007409 -0.000522
395 58534 57066.00 180.574776 2.067302 0.003289 -0.001324
396 59358 57066.00 156.324382 15.666242 0.004830 -0.001142
397 60454 57066.00 179.945615 -0.794207 0.003206 -0.001467
398 60458 57066.00 152.496436 3.560318 0.003571 -0.002848
399 60558 57066.00 331.987126 -9.708469 0.081526 0.023766
400 60608 57066.00 197.220222 -13.739629 0.009501 -0.003861
401 60620 57066.00 207.491610 -3.274717 0.004392 -0.000211
402 60621 57066.00 208.806555 -14.753464 0.003801 -0.001791
403 63252 57066.00 243.519210 -28.439042 0.020421 0.000129
404 65407 57066.00 241.174237 8.660504 -0.002775 -0.002229
405 65489 57066.00 228.710038 0.998428 0.004113 -0.000249
406 65674 57066.00 105.630512 33.424878 0.332742 -0.042491
407 65679 57066.00 9.770708 3.905693 0.635630 0.253050
408 65690 57066.00 181.596460 -0.382819 0.955341 -0.208425
409 65706 57066.00 63.208347 30.795198 0.762310 0.145385
410 65717 57066.00 268.117411 -20.641339 0.380472 -0.005899
411 65733 57066.00 31.847898 16.639619 0.796156 0.307297
412 65803 57066.00 186.942389 0.414778 0.230576 -0.106450
413 65909 57066.00 102.973983 22.484012 2.254920 -0.059962
414 65996 57066.00 120.599717 15.028256 0.075610 -0.025995
415 66008 57066.00 234.831635 36.555313 1.274553 0.214283
416 66063 57066.00 321.765997 -30.000979 0.232905 0.149487
417 66146 57066.00 56.308508 15.936351 1.021594 0.291222
418 66251 57066.00 330.418464 -3.525036 0.766751 0.169812
419 66253 57066.00 233.843586 0.064215 0.103886 -0.017197
420 66272 57066.00 43.108528 -19.197039 0.251542 0.426767
421 66391 57066.00 129.898730 -20.987578 7.881405 -3.978365
422 66400 57066.00 234.932877 -15.795303 0.395412 -0.152341
423 66407 57066.00 247.369491 -11.204825 0.527959 -0.281258
424 66452 57066.00 336.527879 -10.771373 0.002954 0.000967
425 66652 57066.00 348.678560 -5.471429 0.003416 0.001411
426 66959 57066.00 242.831933 -14.090565 0.142730 -0.081830
427 67367 57066.00 191.256645 -13.986722 0.601335 -0.211130
428 67381 57066.00 50.002915 27.966757 0.367873 0.056237
429 67399 57066.00 232.825251 -34.173160 1.477738 -0.336705
430 68031 57066.00 10.336348 -10.176905 0.484865 0.140254
431 68063 57066.00 105.722393 25.106821 0.334307 -0.061064
432 68216 57066.00 231.607019 -30.639733 0.353672 -0.167109
433 68267 57066.00 100.355502 62.017269 0.802553 -0.028767
434 68278 57066.00 205.185517 -7.769012 0.469304 -0.187735
435 68346 57066.00 98.509806 8.735439 0.610740 -0.126174
436 68347 57066.00 349.326027 13.054959 0.685791 0.224126
437 68348 57066.00 193.332734 -22.384588 0.261688 -0.010874
438 68350 57066.00 33.566845 -17.240358 0.598866 0.153195
439 68359 57066.00 20.661499 -1.799065 0.450809 0.196329
440 68372 57066.00 78.387292 22.126270 0.343963 -0.018825
441 68548 57066.00 83.197440 37.662748 0.497298 -0.104086
442 68950 57066.00 255.677472 -13.763803 0.673021 0.214276
443 69230 57066.00 273.588383 -28.603118 0.248967 -0.007256
444 69986 57066.00 82.161319 16.493462 0.005755 -0.000831
445 69987 57066.00 69.618193 21.157136 0.004100 0.000543
446 69988 57066.00 56.210701 25.963929 0.003681 0.001175
447 69990 57066.00 80.705588 20.460969 0.005684 -0.000203
448 73480 57066.00 17.509259 25.429375 0.010991 0.004570
449 76803 57066.00 333.799615 -24.324462 0.004705 -0.000911
450 78799 57066.00 86.712351 32.819648 0.003632 0.000589
451 78801 57066.00 193.412244 -3.166670 0.310312 -0.085270
452 79360 57066.00 139.049665 15.357601 0.003525 -0.001227
453 79969 57066.00 187.667587 -5.289472 0.004667 -0.002270
454 79978 57066.00 151.686803 14.684353 0.002795 -0.002187
455 79983 57066.00 174.594785 -1.486230 0.003451 -0.002207
456 80806 57066.00 157.753056 13.144461 0.003391 -0.001429
457 82075 57066.00 138.706103 19.104344 0.003880 0.000059
458 82155 57066.00 207.058307 -17.854405 0.005765 -0.003470
459 82157 57066.00 182.992938 1.747668 0.003910 -0.001368
460 82158 57066.00 212.398618 4.237492 0.005824 0.000615
461 83943 57066.00 158.412695 -1.701275 0.138500 -0.008516
462 83982 57066.00 296.190769 -20.568085 0.014074 -0.000777
463 84522 57066.00 34.249241 25.824841 0.002490 0.002814
464 84719 57066.00 48.341400 25.242434 0.004168 0.001906
465 84922 57066.00 71.778636 33.592682 0.005925 -0.000176
466 85182 57066.00 18.903005 10.237335 0.085856 0.038199
467 85184 57066.00 100.325514 -5.889441 0.633175 -0.265399
468 85236 57066.00 199.776251 -0.114902 0.371342 -0.239009
469 85275 57066.00 242.172166 -3.154560 0.403225 -0.102788
470 85490 57066.00 157.422706 7.338639 0.035722 -0.015290
471 85585 57066.00 290.568129 -26.057437 0.372972 0.053591
472 85627 57066.00 250.708809 -22.683642 0.003730 -0.000572
473 85628 57066.00 318.730459 -28.446550 0.297100 0.056086
474 85633 57066.00 326.168096 -14.408339 0.003180 0.001000
475 85640 57066.00 174.567081 -1.728430 0.390471 -0.189605
476 85709 57066.00 306.343058 2.650026 0.550242 0.014709
477 85713 57066.00 212.754639 -11.806262 1.047954 -0.600873
478 85770 57066.00 95.567850 55.683789 1.001091 0.049882
479 85774 57066.00 337.559946 -23.991762 0.384201 0.133940
480 85804 57066.00 129.212500 6.006558 0.561552 -0.463561
481 85818 57066.00 300.921625 44.771963 0.313139 0.128867
482 85839 57066.00 335.882747 -18.526577 0.429370 0.201404
483 85867 57066.00 338.503367 -8.020984 0.225660 0.089290
484 85938 57066.00 3.944725 -1.189898 0.179945 0.112263
485 85953 57066.00 198.725785 -3.622824 0.574549 -0.103720
486 85989 57066.00 236.216843 -2.830859 0.440313 -0.141302
487 85990 57066.00 141.369694 16.504980 0.681617 -0.151547
488 86039 57066.00 244.800917 -27.927061 0.152029 -0.015747
489 86047 57066.00 322.918240 -4.587815 0.002723 0.002469
490 86067 57066.00 168.417844 20.317182 0.524137 0.029105
491 86177 57066.00 348.740367 5.939711 0.003814 0.003617
492 86324 57066.00 200.920348 -45.571037 0.244814 -0.055132
493 86326 57066.00 106.521968 38.670925 0.676460 0.229735
494 86450 57066.00 32.089982 -6.165314 2.158613 0.713088
495 86666 57066.00 270.716291 5.436300 0.244461 0.014507
496 86667 57066.00 133.220968 3.252018 1.366944 -0.296108
497 86819 57066.00 72.109621 12.294710 0.334152 0.037603
498 86829 57066.00 293.578374 -29.516529 0.206247 -0.010753
499 86878 57066.00 282.463180 -15.520449 0.215400 0.040439
