0 00433 57063.00 0.829048 10.690365 0.434080 0.237311
1 00719 57063.00 100.534999 11.573023 0.214645 -0.011024
2 00887 57063.00 276.558098 -20.949380 0.087898 -0.009974
3 00944 57063.00 288.706210 -64.760490 0.061326 0.000532
4 01036 57063.00 212.122785 -13.513356 0.150044 0.018902
5 01221 57063.00 286.941969 -11.706445 0.524274 0.014533
6 01362 57063.00 210.775275 13.171927 0.080167 -0.027680
7 01373 57063.00 233.925897 -52.979225 0.146366 0.011044
8 01566 57063.00 327.853084 -32.236731 0.310134 0.026508
9 01580 57063.00 164.991298 63.132909 1.072103 -0.205714
10 01620 57063.00 158.718727 9.002601 0.646756 -0.449406
11 01627 57063.00 145.899525 15.212991 0.206017 -0.039158
12 01685 57063.00 215.227632 -22.102902 0.277608 -0.062045
13 01862 57063.00 112.704418 27.991057 0.303492 -0.034764
14 01863 57063.00 90.498246 41.333115 0.136253 -0.008414
15 01864 57063.00 170.494388 12.938654 0.133598 -0.127576
16 01865 57063.00 321.100512 0.665565 0.469471 0.109866
17 01866 57063.00 157.619031 53.004702 0.320681 -0.064573
18 01915 57063.00 320.113439 -6.973378 0.084725 -0.001526
19 01916 57063.00 268.315858 -35.713008 0.828936 0.037819
20 01917 57063.00 52.789383 1.826471 1.005369 -0.049319
21 01921 57063.00 29.072989 26.469096 0.361264 0.222831
22 01922 57063.00 13.771823 23.741104 0.160313 -0.019323
23 01943 57063.00 23.922012 15.805230 0.370074 0.093243
24 01951 57063.00 295.510415 -9.302962 0.601150 -0.312559
25 01980 57063.00 235.245342 -23.819699 0.359184 0.080787
26 01981 57063.00 108.732900 61.637787 0.263179 -0.042857
27 02059 57063.00 295.400010 -10.225022 0.325299 0.051682
28 02060 57063.00 346.023370 -0.883647 0.009845 0.003131
29 02061 57063.00 302.683939 -16.193468 0.754015 0.155960
30 02062 57063.00 152.011345 23.945659 1.049962 -0.104820
31 02063 57063.00 108.213126 31.456866 2.241130 -0.150962
32 02100 57063.00 346.005253 -4.338987 0.563772 0.068575
33 02101 57063.00 250.649525 -23.579763 0.250746 -0.031839
34 02102 57063.00 33.485943 -57.956945 0.628596 0.234072
35 02135 57063.00 346.367991 4.067337 0.315341 0.010236
36 02201 57063.00 50.956489 17.635837 0.376388 0.107681
37 02202 57063.00 157.328350 7.254577 0.206229 -0.047846
38 02212 57063.00 50.602443 23.969433 0.053127 0.021919
39 02329 57063.00 116.769461 1.412935 0.091492 0.006450
40 02340 57063.00 96.640333 17.985266 0.666003 -0.057054
41 02368 57063.00 109.838010 22.112792 0.219579 -0.046985
42 02608 57063.00 5.091078 -2.392563 0.096271 0.015523
43 03102 57063.00 163.639559 5.481431 0.137870 -0.034820
44 03103 57063.00 47.852162 -3.882327 1.235366 0.400742
45 03122 57063.00 280.817663 -42.113413 0.748207 0.160906
46 03199 57063.00 168.875002 -2.781616 0.197308 -0.286335
47 03200 57063.00 84.264400 23.545742 0.647273 -0.211537
48 03271 57063.00 169.603356 8.631847 0.182164 0.004739
49 03288 57063.00 359.188211 3.630944 0.162939 0.055369
50 03352 57063.00 238.743643 -16.751728 0.328131 -0.086210
51 03360 57063.00 132.717654 -3.507093 0.059003 -0.023773
52 03361 57063.00 18.530287 7.316453 0.652074 0.228531
53 03362 57063.00 322.872464 -12.593825 0.967740 0.144210
54 03551 57063.00 167.844822 4.021272 0.139916 -0.033647
55 03552 57063.00 150.400807 28.883489 0.023212 -0.022965
56 03553 57063.00 268.655414 0.271160 0.361959 0.199296
57 03554 57063.00 186.030124 -7.164204 0.420739 -0.440104
58 03671 57063.00 92.810043 25.896765 0.127726 0.023680
59 03688 57063.00 54.858158 21.122778 0.221964 0.056021
60 03691 57063.00 150.163155 21.305596 0.436110 -0.329445
61 03752 57063.00 234.627410 36.641746 0.557441 -0.054467
62 03753 57063.00 283.489395 -14.790557 1.023371 -0.228640
63 03757 57063.00 20.349960 5.187520 0.664856 0.295898
64 03800 57063.00 6.218243 -13.447412 0.417996 0.168431
65 03838 57063.00 90.708059 5.571297 0.135335 -0.057471
66 03908 57063.00 277.636217 -22.667650 0.391014 0.032069
67 03988 57063.00 217.615574 -16.665831 0.573494 -0.074143
68 04015 57063.00 150.125042 9.658823 0.104084 -0.040878
69 04034 57063.00 348.628834 -6.794077 0.929444 0.193543
70 04055 57063.00 210.730190 4.634275 0.371593 -0.025264
71 04179 57063.00 226.529199 -17.016152 0.070514 -0.019610
72 04183 57063.00 207.092083 -18.297837 1.653211 -0.574364
73 04197 57063.00 286.640793 -35.134769 0.120358 0.013479
74 04257 57063.00 346.363986 -3.078096 0.516966 -0.167045
75 04341 57063.00 274.109487 -20.423882 0.174813 -0.029753
76 04401 57063.00 155.290644 35.382366 0.779060 -0.473180
77 04450 57063.00 167.036783 2.074981 1.235788 -0.639120
78 04486 57063.00 66.480641 20.926494 0.089542 0.017436
79 04487 57063.00 19.291164 7.375367 0.839191 0.083117
80 04503 57063.00 322.249302 -17.510261 0.087136 0.027377
81 04544 57063.00 294.231759 -35.882582 1.481994 0.181183
82 04581 57063.00 195.311827 -5.081996 0.743993 -0.239192
83 04587 57063.00 109.807429 -1.169238 0.106836 0.000441
84 04596 57063.00 320.699692 -5.283378 0.492881 -0.159411
85 04660 57063.00 222.117879 -17.712800 0.491270 -0.145049
86 04688 57063.00 228.539018 -19.160530 0.188734 -0.028134
87 04769 57063.00 155.931338 8.520996 1.643465 -0.941925
88 04947 57063.00 189.105931 -10.690912 0.479508 -0.072747
89 04953 57063.00 270.481967 -29.120945 0.581091 -0.226288
90 04954 57063.00 230.581048 -34.027725 0.160893 -0.060499
91 04957 57063.00 153.163031 -26.766536 0.338815 -0.136057
92 05011 57063.00 4.844774 1.270818 0.417447 0.246750
93 05131 57063.00 89.522716 8.698367 0.180145 0.115910
94 05143 57063.00 334.224923 -6.697459 0.114040 0.063552
95 05145 57063.00 263.610986 -8.212870 0.004508 -0.002036
96 05189 57063.00 150.193268 12.981526 0.266337 -0.078581
97 05201 57063.00 301.164195 -23.650233 0.072687 0.014488
98 05261 57063.00 301.718386 -2.375792 0.532253 0.229539
99 05324 57063.00 131.151821 33.401191 0.066603 -0.030738
100 05332 57063.00 8.329215 -14.535403 0.498749 0.037509
101 05335 57063.00 319.742800 -0.732278 0.000422 0.003563
102 05370 57063.00 176.156667 1.000447 0.053716 -0.004091
103 05381 57063.00 147.738059 63.037187 4.107505 -0.359224
104 05496 57063.00 245.641724 43.127018 1.137155 -1.222563
105 05587 57063.00 120.680597 3.251020 0.116552 -0.011163
106 05590 57063.00 343.936941 4.890910 1.050829 0.256253
107 05604 57063.00 336.308325 -7.849491 1.913013 0.914352
108 05620 57063.00 153.985774 13.959388 0.217853 -0.052350
109 05626 57063.00 235.377300 -16.091583 0.131639 -0.025755
110 05645 57063.00 236.680595 -23.294202 0.353113 -0.158603
111 05646 57063.00 220.852000 -20.058689 0.230904 -0.099100
112 05653 57063.00 216.189885 -17.975632 0.459631 -0.202387
113 05660 57063.00 311.078490 -11.604194 0.399231 0.522822
114 05693 57063.00 219.428458 -10.958077 0.410385 -0.153953
115 05731 57063.00 329.831808 -3.028142 0.076708 0.040743
116 05751 57063.00 336.016754 -18.611045 0.151116 0.017870
117 05786 57063.00 323.903469 -6.643772 0.340866 -0.020175
118 05797 57063.00 285.302212 -23.788591 0.171241 0.027683
119 05828 57063.00 131.204135 19.790008 0.201866 0.048157
120 05836 57063.00 152.530304 2.843772 0.096309 -0.035344
121 05863 57063.00 110.680645 5.308860 0.117554 0.003625
122 05869 57063.00 312.411242 0.862771 0.247193 0.077693
123 05879 57063.00 212.371643 7.351579 0.655874 -0.125771
124 06037 57063.00 358.299712 -0.452354 1.436322 0.519905
125 06047 57063.00 199.131017 -16.183251 0.470443 -0.447848
126 06050 57063.00 111.621276 24.305632 0.413924 -0.017492
127 06053 57063.00 149.751516 7.829004 0.227399 -0.197469
128 06063 57063.00 315.935733 -13.820166 0.069958 0.014908
129 06130 57063.00 263.152454 -3.093246 0.440823 -0.125569
130 06178 57063.00 302.091472 -23.756430 0.280776 0.043187
131 06239 57063.00 101.855903 26.548963 0.706094 -0.071939
132 06455 57063.00 166.797982 41.377710 0.136414 -0.111375
133 06456 57063.00 252.852527 -29.588804 0.748314 -0.028610
134 06489 57063.00 202.135160 -9.515293 0.658518 -0.228868
135 06491 57063.00 190.087185 -10.472205 0.606710 -0.279143
136 06569 57063.00 79.711448 10.651880 0.308104 0.127504
137 06611 57063.00 330.205523 -3.033437 0.166559 0.057147
138 07025 57063.00 320.743967 -13.520805 0.341758 0.030687
139 07066 57063.00 337.614285 -24.206673 0.005681 0.002826
140 07088 57063.00 235.540804 -13.493724 0.215475 -0.072499
141 07092 57063.00 358.305402 -18.726928 0.068807 0.038418
142 07096 57063.00 279.265627 -14.549538 0.168124 -0.010647
143 07236 57063.00 37.230204 31.831380 0.236608 0.063401
144 07335 57063.00 191.731532 8.419517 0.388678 -0.246786
145 07336 57063.00 135.961951 11.978563 0.172425 -0.033584
146 07341 57063.00 242.197473 -25.207778 0.263525 -0.030331
147 07350 57063.00 268.299406 -18.301768 0.333142 -0.033326
148 07358 57063.00 5.805404 7.468418 0.977538 0.399510
149 07467 57063.00 10.995055 -10.820358 0.389658 0.225444
150 07474 57063.00 170.590253 11.598948 0.282957 -0.112369
151 07480 57063.00 171.279066 10.846449 0.309508 -0.090996
152 07482 57063.00 349.736765 -29.785432 0.389787 -0.001071
153 07604 57063.00 232.410562 1.970528 0.056104 -0.012709
154 07753 57063.00 230.323244 -17.294953 0.457038 -0.139857
155 07822 57063.00 192.654335 16.015603 0.663193 0.085408
156 07839 57063.00 146.122293 31.060991 0.139562 0.001859
157 07888 57063.00 312.005879 -2.668872 0.068164 -0.007269
158 07889 57063.00 180.198202 34.275549 1.257469 -0.132315
159 07977 57063.00 158.998171 18.426984 0.209753 0.003973
160 08013 57063.00 82.188186 20.276367 0.146881 0.023694
161 08014 57063.00 163.362586 5.581278 0.182071 -0.070473
162 08034 57063.00 18.398767 8.967371 0.580298 0.213521
163 08035 57063.00 69.172103 -3.493585 0.528183 -0.038070
164 08037 57063.00 49.051398 21.179395 0.582124 0.199086
165 08176 57063.00 193.618704 36.067790 0.285851 -0.210114
166 08201 57063.00 330.616495 -9.392399 0.143035 0.027166
167 08373 57063.00 38.910496 -24.327541 0.118405 0.089860
168 08405 57063.00 61.978450 36.749514 0.011572 0.003195
169 08507 57063.00 138.318357 16.550130 0.137108 -0.081482
170 08566 57063.00 304.640438 5.555797 1.406378 -0.392128
171 08567 57063.00 115.129154 13.819046 0.294875 -0.030133
172 08709 57063.00 2.836693 -2.170336 0.351118 0.139599
173 09058 57063.00 51.615323 14.491819 0.491069 -0.009113
174 09162 57063.00 324.823068 -8.413101 0.983714 0.201941
175 09172 57063.00 205.747685 -18.864253 0.099071 -0.032981
176 09202 57063.00 77.132020 58.091987 1.965190 -0.299599
177 09400 57063.00 310.600743 -53.049918 0.226539 0.084596
178 09767 57063.00 32.688482 34.940457 0.070023 0.030214
179 09856 57063.00 264.968166 -13.597842 1.591853 -0.087670
180 09950 57063.00 156.311805 -5.768761 0.095451 -0.039683
181 10115 57063.00 16.015771 9.624682 0.397198 0.299855
182 10145 57063.00 151.295494 11.706543 0.142615 -0.065348
183 10150 57063.00 182.367216 41.367691 0.126517 -0.006449
184 10165 57063.00 65.317606 43.103221 0.739462 -0.006728
185 10199 57063.00 267.199494 -36.578798 0.019299 0.005326
186 10302 57063.00 210.252256 -7.853280 0.699149 -0.273047
187 10370 57063.00 268.339808 -19.285237 0.009086 -0.000141
188 10563 57063.00 54.762478 21.381069 0.194695 0.728816
189 10636 57063.00 241.163703 -7.982960 0.209697 -0.022918
190 10860 57063.00 177.914889 -3.517521 0.094654 -0.039409
191 11054 57063.00 292.637378 -24.150233 0.222972 0.038579
192 11066 57063.00 162.777325 16.453008 0.199291 -0.314590
193 11284 57063.00 54.518390 21.417669 0.708969 0.149640
194 11311 57063.00 298.891482 -42.008842 0.882729 -0.039687
195 11398 57063.00 227.544182 -2.313371 1.033029 -0.255398
196 11405 57063.00 188.294023 13.257551 1.117500 -0.137215
197 11500 57063.00 296.419453 -11.976102 0.603831 0.161168
198 11885 57063.00 354.603252 -4.940783 0.263517 0.240278
199 12538 57063.00 68.714237 9.856108 0.490391 -0.110056
200 12711 57063.00 18.671266 49.217842 0.791573 0.192629
201 12923 57063.00 154.135428 9.185906 0.149930 -0.042468
202 13553 57063.00 239.221439 -16.041430 0.654785 -0.086245
203 13651 57063.00 63.344473 6.840086 0.346626 0.127319
204 14222 57063.00 202.686866 -16.613012 0.217530 -0.020401
205 14402 57063.00 45.700461 6.283283 0.215928 0.044787
206 14827 57063.00 8.888547 2.206054 0.647761 0.293136
207 15504 57063.00 139.860154 51.973368 0.010802 -0.003868
208 15745 57063.00 93.291679 14.125373 0.277972 0.045169
209 15760 57063.00 29.024376 13.121425 0.003840 0.001497
210 15788 57063.00 48.045682 19.539311 0.008414 0.002309
211 15789 57063.00 32.813006 16.864923 0.004379 0.001782
212 15807 57063.00 199.344051 -7.925208 0.003151 -0.001257
213 15809 57063.00 276.397743 -32.293562 0.006191 -0.000872
214 15810 57063.00 282.534046 -20.333933 0.004896 0.000136
215 15817 57063.00 104.256919 10.877854 0.544930 0.013253
216 15820 57063.00 38.253738 27.800183 0.008921 0.002759
217 15836 57063.00 167.036034 9.824013 0.004693 -0.001527
218 15874 57063.00 69.248672 8.969346 0.005715 -0.001130
219 15875 57063.00 73.539297 27.608593 0.008703 0.000494
220 15883 57063.00 162.949027 17.970922 0.003430 -0.000437
221 16064 57063.00 187.164009 -5.810095 0.227970 -0.116286
222 16636 57063.00 78.082403 27.456842 0.427795 -0.006513
223 16657 57063.00 178.643849 18.907354 0.201028 -0.182070
224 16684 57063.00 233.666328 -21.228032 0.003466 -0.001016
225 16816 57063.00 33.974444 13.063216 0.158623 0.152163
226 16834 57063.00 2.562163 17.691293 0.368841 0.124044
227 16912 57063.00 236.019196 3.073375 0.265095 -0.015640
228 16960 57063.00 349.150507 14.385916 0.159640 0.065559
229 17181 57063.00 274.490525 -19.803474 0.271106 -0.038373
230 17182 57063.00 297.912107 -26.902841 0.605480 0.175091
231 17188 57063.00 10.917610 34.430610 0.103732 0.023058
232 17274 57063.00 106.627430 24.595327 0.144938 -0.027584
233 17511 57063.00 26.605449 16.875222 0.366273 0.191706
234 18106 57063.00 208.557875 -7.271018 0.152649 -0.059495
235 18109 57063.00 209.809164 -11.763586 0.183577 -0.069167
236 18172 57063.00 298.402740 -33.865434 0.145014 0.052852
237 18736 57063.00 53.695270 21.783581 0.343532 0.069081
238 18882 57063.00 37.683729 49.608111 0.564474 0.029355
239 18916 57063.00 283.831700 -25.291627 0.136640 0.027323
240 19255 57063.00 86.900962 23.788321 0.004103 0.000144
241 19299 57063.00 52.938556 22.229661 0.007509 0.002141
242 19308 57063.00 11.007498 16.361178 0.002087 0.002242
243 19356 57063.00 346.294893 -4.690481 0.080181 0.028754
244 19521 57063.00 77.018790 28.753266 0.004564 0.001046
245 19764 57063.00 94.942683 23.526357 0.151447 -0.008222
246 20000 57063.00 120.107451 26.572922 0.003986 0.000187
247 20086 57063.00 124.166906 -1.297602 0.053652 -0.020369
248 20108 57063.00 43.322937 4.731141 0.004747 0.000099
249 20161 57063.00 24.442844 19.978090 0.003343 0.001792
250 20236 57063.00 77.562639 19.354089 0.219086 0.036855
251 20255 57063.00 354.005857 -1.264417 0.141245 0.033537
252 20425 57063.00 271.015990 -18.611198 0.561139 0.050959
253 20429 57063.00 313.666268 -23.481695 0.645637 0.142016
254 20460 57063.00 310.712648 3.187102 0.244866 0.237173
255 20461 57063.00 41.645605 -4.165125 -0.002346 -0.001102
256 20790 57063.00 203.567210 -18.771114 0.322612 -0.124815
257 20826 57063.00 13.120990 27.322404 0.070990 0.074141
258 21088 57063.00 182.686462 -43.717648 0.426247 -0.200737
259 21277 57063.00 345.413405 -5.064902 0.570544 0.016382
260 21374 57063.00 66.622849 26.098159 0.520344 0.295593
261 22099 57063.00 155.608899 13.111984 0.511081 -0.105609
262 22753 57063.00 57.302499 23.073972 0.383727 0.069457
263 22771 57063.00 161.014361 7.925189 0.330847 -0.217387
264 23183 57063.00 288.893280 -12.789141 0.223238 -0.142514
265 23187 57063.00 297.115535 18.778034 0.127427 -0.051298
266 23548 57063.00 184.537407 -12.379232 0.380274 -0.373911
267 23606 57063.00 172.044036 -10.206296 0.321030 -0.188264
268 23714 57063.00 53.840103 10.994009 0.139553 0.038702
269 24443 57063.00 189.316253 1.136487 0.207676 0.007922
270 24445 57063.00 225.916396 -7.406951 0.110938 0.011513
271 24475 57063.00 198.787017 6.026968 0.459006 -0.262860
272 24761 57063.00 214.623003 9.417704 0.352293 -0.128137
273 24835 57063.00 42.836782 30.761718 0.004096 0.002932
274 24952 57063.00 23.662998 22.257903 0.005629 0.003457
275 24978 57063.00 250.594939 -23.137169 0.003514 -0.000594
276 25143 57063.00 257.657774 -23.227674 1.222247 -0.128910
277 25330 57063.00 276.796197 -33.565251 0.385205 -0.043142
278 25916 57063.00 50.528059 6.886444 0.215111 0.102529
279 26166 57063.00 46.478689 7.351170 0.061254 0.005213
280 26181 57063.00 234.594231 -10.433866 0.003985 -0.000229
281 26308 57063.00 37.789972 6.722448 0.004248 0.000539
282 26310 57063.00 99.452579 18.165448 0.174053 -0.016830
283 26375 57063.00 180.502687 -5.540980 0.003992 -0.002247
284 26379 57063.00 351.261732 5.482837 0.691977 0.273772
285 26663 57063.00 317.060380 -13.523137 0.263595 0.149723
286 26677 57063.00 306.313615 -42.110522 0.690625 -0.025384
287 26760 57063.00 167.918129 9.132025 0.127414 -0.028556
288 26817 57063.00 191.897525 -2.728940 0.196664 -0.072798
289 27002 57063.00 289.556036 -18.926957 0.218618 -0.002342
290 27031 57063.00 89.311606 18.216740 0.192346 -0.003071
291 27234 57063.00 153.729546 10.394717 0.259740 -0.258838
292 27346 57063.00 92.599940 -3.461914 0.767421 0.356409
293 28978 57063.00 260.699421 -26.950872 0.003497 -0.001454
294 29075 57063.00 0.633466 1.311157 0.213350 0.151734
295 29981 57063.00 95.008929 17.397014 0.007792 -0.000285
296 30825 57063.00 63.730118 15.561572 0.074324 0.004341
297 30997 57063.00 25.970777 -0.629594 0.087975 0.126740
298 31210 57063.00 165.450269 9.250585 0.260440 -0.065651
299 31221 57063.00 339.932177 -5.111651 0.198443 0.177862
300 31345 57063.00 234.371557 -17.846519 0.214934 -0.025429
301 31346 57063.00 151.959339 8.205374 0.193471 -0.092140
302 31662 57063.00 171.078996 13.588891 0.152357 -0.125994
303 31669 57063.00 245.143324 -19.406952 0.232935 -0.076875
304 31824 57063.00 175.619790 7.596799 0.011353 -0.004942
305 32511 57063.00 32.379351 21.887992 0.069846 0.019349
306 32532 57063.00 100.747872 3.209651 0.020185 -0.003182
307 32906 57063.00 19.869672 25.705045 0.706508 0.415368
308 32929 57063.00 25.891271 14.522567 0.006661 0.002877
309 33001 57063.00 136.726305 17.450930 0.003441 -0.001092
310 33128 57063.00 173.083218 12.239826 0.004588 -0.001040
311 33340 57063.00 95.648430 21.693872 0.007875 -0.000010
312 33342 57063.00 7.372218 -4.612748 1.325054 0.613989
313 34613 57063.00 335.326951 -8.112343 0.364524 0.184023
314 35107 57063.00 109.019695 14.982303 0.748527 0.053691
315 35396 57063.00 72.629425 19.830168 0.556386 0.033383
316 35432 57063.00 266.300032 -16.964690 0.118435 -0.026904
317 35670 57063.00 221.418230 -21.375367 0.168261 -0.034577
318 35671 57063.00 16.060936 6.391760 0.004272 0.001352
319 36017 57063.00 119.540172 23.944050 0.633617 -0.165022
320 36183 57063.00 28.529471 -13.374960 0.663876 0.860921
321 36236 57063.00 38.786371 36.205785 0.419258 -0.243035
322 36284 57063.00 299.006120 -51.290660 2.291404 1.755349
323 37117 57063.00 290.438909 -12.747749 0.030805 0.010208
324 37336 57063.00 331.502301 23.729080 1.035200 0.128379
325 37384 57063.00 297.032499 -37.143763 0.101294 -0.004679
326 37638 57063.00 95.521401 19.416862 1.449881 0.023078
327 37655 57063.00 250.212708 -5.017161 0.134395 -0.034714
328 38071 57063.00 343.294806 0.055271 0.187490 0.038755
329 38083 57063.00 201.459992 -12.500964 0.002955 -0.002011
330 38084 57063.00 224.016083 -5.227148 0.005900 -0.001048
331 38086 57063.00 109.465845 2.376654 0.489488 0.044900
332 38239 57063.00 36.168453 11.312613 0.120124 0.020258
333 38628 57063.00 237.436711 -5.418109 0.006901 -0.000856
334 39565 57063.00 196.102743 -9.686283 0.249999 -0.147085
335 39572 57063.00 74.181092 31.152019 0.249098 0.003337
336 39774 57063.00 49.670009 6.132042 0.608118 0.017531
337 39796 57063.00 83.373804 10.749863 0.291057 0.028732
338 40263 57063.00 71.558641 -3.101054 0.665847 0.025742
339 40267 57063.00 215.299509 18.085214 0.298712 -0.024432
340 40314 57063.00 232.028044 -7.107447 0.005013 0.000733
341 40329 57063.00 151.917256 9.197234 0.119078 -0.041439
342 41429 57063.00 81.663210 25.394093 0.245119 0.012237
343 41434 57063.00 228.982096 -23.115508 0.405766 -0.204621
344 41440 57063.00 56.969869 18.533320 0.332915 0.162396
345 42286 57063.00 40.845493 9.089830 0.224198 0.187927
346 42301 57063.00 31.039945 13.401704 0.002577 0.000889
347 42355 57063.00 197.720027 -8.738357 0.011612 -0.005270
348 44594 57063.00 353.982282 0.241710 0.011872 0.005032
349 45802 57063.00 325.924952 -13.037719 0.003252 0.001018
350 47171 57063.00 32.274904 4.901950 0.006225 0.002581
351 47932 57063.00 230.715974 -23.910310 0.006910 -0.002923
352 48603 57063.00 251.112834 -27.207388 0.201120 -0.019517
353 48639 57063.00 46.193167 17.509355 0.003716 0.000978
354 49036 57063.00 26.928621 1.302567 0.010334 0.003476
355 49673 57063.00 339.833374 -18.128728 0.003998 0.000005
356 50000 57063.00 266.320651 -15.589220 0.003359 0.000003
357 52340 57063.00 327.594048 -18.868983 0.116127 0.052209
358 52381 57063.00 240.934909 -14.041738 0.536048 -0.065865
359 52387 57063.00 255.889207 -38.649797 0.709724 0.127475
360 52689 57063.00 87.786623 34.335569 0.356899 0.010224
361 52747 57063.00 259.290231 -23.226795 0.003600 -0.000303
362 52750 57063.00 56.270101 8.409474 1.488298 0.361614
363 52760 57063.00 166.152249 5.636234 0.078369 -0.036882
364 52761 57063.00 97.360695 16.998229 0.351322 -0.130136
365 52762 57063.00 4.787645 37.977995 0.074093 0.046623
366 52768 57063.00 29.930299 12.779863 0.088236 0.041460
367 52872 57063.00 285.876995 -8.097191 0.028370 0.000096
368 52975 57063.00 107.258121 32.677436 0.008566 -0.000035
369 53110 57063.00 335.197086 -47.429081 0.455451 0.009598
370 53311 57063.00 221.789412 -16.067289 0.003283 -0.001029
371 53319 57063.00 120.557178 16.850943 0.066854 0.001368
372 53409 57063.00 78.469125 14.463905 0.799820 -0.027534
373 53426 57063.00 153.595317 -13.115845 0.304378 -0.095865
374 53429 57063.00 72.786175 0.596891 0.104448 -0.015564
375 53430 57063.00 80.453267 -4.563513 0.405245 -0.503914
376 53435 57063.00 209.093991 -5.511125 0.097712 -0.068637
377 53550 57063.00 190.273143 -11.228667 0.710344 -0.350672
378 53789 57063.00 252.773921 14.298838 0.395671 0.077273
379 54071 57063.00 53.915422 28.844690 0.583963 0.358899
380 54401 57063.00 124.294288 1.922470 0.252163 -0.097420
381 54509 57063.00 58.732834 21.321427 0.788813 0.137426
382 54520 57063.00 326.066542 -10.435040 0.002593 0.001143
383 54598 57063.00 27.423336 30.497659 0.015620 0.008529
384 54660 57063.00 349.410997 32.435240 1.141421 -0.104166
385 54686 57063.00 102.738398 -6.036117 0.828979 0.166172
386 54690 57063.00 25.309008 3.970798 0.248195 0.362374
387 54789 57063.00 212.865963 12.135984 0.616473 -0.172153
388 55408 57063.00 275.157748 6.814479 0.916114 0.103201
389 55532 57063.00 35.933798 -21.345494 0.096236 0.079605
390 55565 57063.00 144.639810 0.916208 0.002535 -0.002084
391 55576 57063.00 268.667230 -33.216831 0.014063 0.001802
392 55636 57063.00 16.022918 32.248532 0.003620 0.002260
393 55637 57063.00 38.613104 9.746530 0.004078 -0.000010
394 55638 57063.00 81.874121 8.717999 0.007408 -0.000525
395 58534 57063.00 180.564755 2.071245 0.003276 -0.001323
396 59358 57063.00 156.310123 15.669415 0.004814 -0.001142
397 60454 57063.00 179.935854 -0.789794 0.003192 -0.001467
398 60458 57063.00 152.485989 3.568808 0.003556 -0.002847
399 60558 57063.00 331.740659 -9.780626 0.081630 0.023693
400 60608 57063.00 197.191019 -13.727729 0.009479 -0.003866
401 60620 57063.00 207.477859 -3.274039 0.004379 -0.000212
402 60621 57063.00 208.794574 -14.747915 0.003790 -0.001794
403 63252 57063.00 243.454882 -28.439033 0.020403 0.000097
404 65407 57063.00 241.181272 8.667131 -0.002784 -0.002228
405 65489 57063.00 228.696855 0.999168 0.004106 -0.000249
406 65674 57063.00 104.645507 33.544884 0.335999 -0.040294
407 65679 57063.00 7.874412 3.145975 0.635800 0.254617
408 65690 57063.00 178.763807 0.234214 0.928695 -0.202802
409 65706 57063.00 60.925821 30.336161 0.778341 0.163256
410 65717 57063.00 266.952405 -20.620691 0.382123 -0.008606
411 65733 57063.00 29.545268 15.732428 0.754801 0.301898
412 65803 57063.00 186.243341 0.735120 0.232031 -0.107202
413 65909 57063.00 95.943632 22.511303 2.470688 0.041383
414 65996 57063.00 120.378883 15.104896 0.075886 -0.026061
415 66008 57063.00 230.952942 35.832154 1.284506 0.262209
416 66063 57063.00 321.047780 -30.459843 0.238429 0.149994
417 66146 57063.00 53.377550 15.071465 0.959062 0.288076
418 66251 57063.00 328.109812 -4.032561 0.766084 0.167325
419 66253 57063.00 233.517642 0.115982 0.104466 -0.017307
420 66272 57063.00 42.369630 -20.475698 0.253986 0.422752
421 66391 57063.00 102.978169 -4.462576 10.246610 -7.027911
422 66400 57063.00 233.721232 -15.330611 0.395821 -0.155542
423 66407 57063.00 245.765224 -10.356323 0.524201 -0.283688
424 66452 57063.00 336.518838 -10.774413 0.002967 0.000967
425 66652 57063.00 348.668295 -5.475742 0.003430 0.001411
426 66959 57063.00 242.394405 -13.845202 0.140701 -0.081190
427 67367 57063.00 189.434729 -13.336050 0.606492 -0.218759
428 67381 57063.00 48.930804 27.800169 0.360398 0.057889
429 67399 57063.00 228.354337 -33.059692 1.474074 -0.398835
430 68031 57063.00 8.890759 -10.597444 0.484551 0.137537
431 68063 57063.00 104.726697 25.285056 0.340550 -0.059882
432 68216 57063.00 230.529502 -30.128382 0.350827 -0.170654
433 68267 57063.00 97.962500 62.077286 0.819859 -0.015402
434 68278 57063.00 203.769640 -7.202395 0.465509 -0.188353
435 68346 57063.00 96.674830 9.113663 0.629500 -0.126812
436 68347 57063.00 347.300825 12.390662 0.664632 0.223271
437 68348 57063.00 192.523438 -22.342254 0.272003 -0.012777
438 68350 57063.00 31.795165 -17.694215 0.594043 0.145953
439 68359 57063.00 19.326028 -2.385480 0.447373 0.194163
440 68372 57063.00 77.381630 22.179484 0.339700 -0.016612
441 68548 57063.00 81.710270 37.968180 0.511704 -0.100061
442 68950 57063.00 253.594992 -14.405584 0.694798 0.213853
443 69230 57063.00 272.816601 -28.580878 0.253272 -0.008943
444 69986 57063.00 82.145131 16.495944 0.005755 -0.000836
445 69987 57063.00 69.606768 21.155562 0.004103 0.000538
446 69988 57063.00 56.200453 25.960539 0.003687 0.001170
447 69990 57063.00 80.689610 20.461573 0.005684 -0.000208
448 73480 57063.00 17.477156 25.416307 0.011023 0.004569
449 76803 57063.00 333.785212 -24.322104 0.004723 -0.000913
450 78799 57063.00 86.702371 32.817831 0.003630 0.000582
451 78801 57063.00 192.471693 -2.908648 0.312394 -0.086226
452 79360 57063.00 139.039518 15.361098 0.003513 -0.001228
453 79969 57063.00 187.653261 -5.282567 0.004649 -0.002271
454 79978 57063.00 151.678664 14.690731 0.002783 -0.002188
455 79983 57063.00 174.584359 -1.479583 0.003436 -0.002208
456 80806 57063.00 157.743059 13.148566 0.003377 -0.001429
457 82075 57063.00 138.694889 19.103949 0.003868 0.000057
458 82155 57063.00 207.040327 -17.843729 0.005749 -0.003474
459 82157 57063.00 182.980998 1.751745 0.003895 -0.001368
460 82158 57063.00 212.380483 4.235594 0.005812 0.000616
461 83943 57063.00 157.998011 -1.675297 0.139142 -0.008597
462 83982 57063.00 296.146806 -20.566166 0.014101 -0.000790
463 84522 57063.00 34.242374 25.816641 0.002500 0.002810
464 84719 57063.00 48.329748 25.236919 0.004177 0.001900
465 84922 57063.00 71.762003 33.593285 0.005927 -0.000185
466 85182 57063.00 18.649729 10.123815 0.086782 0.038614
467 85184 57063.00 98.465842 -5.094304 0.623558 -0.263997
468 85236 57063.00 198.656117 0.598740 0.367628 -0.236790
469 85275 57063.00 240.955963 -2.848368 0.394478 -0.101113
470 85490 57063.00 157.316721 7.383809 0.035674 -0.015303
471 85585 57063.00 289.430382 -26.217956 0.372816 0.050339
472 85627 57063.00 250.696715 -22.681873 0.003728 -0.000578
473 85628 57063.00 317.829439 -28.618376 0.297182 0.053838
474 85633 57063.00 326.158223 -14.411521 0.003194 0.000999
475 85640 57063.00 173.379054 -1.151259 0.400175 -0.194812
476 85709 57063.00 304.659286 2.605173 0.561388 0.015764
477 85713 57063.00 209.504717 -9.922713 1.101833 -0.651726
478 85770 57063.00 92.641308 55.493988 0.980496 0.072413
479 85774 57063.00 336.404823 -24.395296 0.382947 0.129620
480 85804 57063.00 127.558091 7.378308 0.553115 -0.452493
481 85818 57063.00 299.966302 44.387290 0.312153 0.132839
482 85839 57063.00 334.576498 -19.136613 0.438087 0.200774
483 85867 57063.00 337.821380 -8.290962 0.227183 0.089282
484 85938 57063.00 3.405722 -1.528624 0.182035 0.113345
485 85953 57063.00 197.028956 -3.315905 0.546040 -0.099731
486 85989 57063.00 234.848531 -2.398730 0.454500 -0.146490
487 85990 57063.00 139.315387 16.946450 0.697794 -0.147701
488 86039 57063.00 244.330756 -27.877422 0.152107 -0.016392
489 86047 57063.00 322.909683 -4.595283 0.002737 0.002469
490 86067 57063.00 166.834062 20.214363 0.531922 0.034401
491 86177 57063.00 348.728907 5.928965 0.003831 0.003617
492 86324 57063.00 200.180518 -45.395522 0.241597 -0.056453
493 86326 57063.00 104.519991 37.951106 0.676144 0.245697
494 86450 57063.00 25.442162 -8.322926 2.298658 0.718899
495 86666 57063.00 269.966999 5.392686 0.244021 0.014806
496 86667 57063.00 128.919242 4.177247 1.526203 -0.322772
497 86819 57063.00 71.116192 12.179534 0.340571 0.039516
498 86829 57063.00 292.945434 -29.486936 0.206143 -0.011829
499 86878 57063.00 281.803257 -15.641944 0.213660 0.039335
