0 00433 57065.00 1.698104 11.162793 0.438590 0.237929
1 00719 57065.00 100.953658 11.551504 0.212660 -0.011197
2 00887 57065.00 276.739964 -20.968502 0.087830 -0.009839
3 00944 57065.00 288.834743 -64.757980 0.061343 0.000625
4 01036 57065.00 212.429486 -13.476538 0.151056 0.019225
5 01221 57065.00 287.995627 -11.674165 0.515945 0.016234
6 01362 57065.00 210.939361 13.117378 0.080199 -0.027745
7 01373 57065.00 234.226865 -52.958423 0.146432 0.011492
8 01566 57065.00 328.486917 -32.173345 0.317387 0.028874
9 01580 57065.00 167.121926 62.715375 1.059217 -0.225236
10 01620 57065.00 160.018497 8.096149 0.656145 -0.460040
11 01627 57065.00 146.308596 15.136477 0.206682 -0.039639
12 01685 57065.00 215.792882 -22.228994 0.278125 -0.061001
13 01862 57065.00 113.296859 27.923914 0.300150 -0.035621
14 01863 57065.00 90.762239 41.317016 0.136576 -0.008672
15 01864 57065.00 170.762552 12.685117 0.134056 -0.128233
16 01865 57065.00 322.040072 0.883398 0.462582 0.108206
17 01866 57065.00 158.253474 52.882082 0.316574 -0.065745
18 01915 57065.00 320.285485 -6.975752 0.084508 -0.001487
19 01916 57065.00 270.002527 -35.623193 0.837302 0.050149
20 01917 57065.00 54.768307 1.727086 0.992530 -0.049751
21 01921 57065.00 29.788480 26.908434 0.362676 0.220334
22 01922 57065.00 14.087907 23.699661 0.159220 -0.019516
23 01943 57065.00 24.653622 15.987365 0.369709 0.091825
24 01951 57065.00 296.728482 -9.923889 0.602701 -0.310164
25 01980 57065.00 235.978889 -23.657542 0.361665 0.083309
26 01981 57065.00 109.243836 61.554860 0.262866 -0.043885
27 02059 57065.00 296.063814 -10.119053 0.329259 0.053056
28 02060 57065.00 346.043077 -0.877368 0.009821 0.003130
29 02061 57065.00 304.217906 -15.869308 0.766727 0.164677
30 02062 57065.00 154.114266 23.729669 1.059515 -0.120424
31 02063 57065.00 112.621589 31.089939 2.198030 -0.224343
32 02100 57065.00 347.132500 -4.199602 0.563096 0.069382
33 02101 57065.00 251.169678 -23.643760 0.256116 -0.031542
34 02102 57065.00 34.709777 -57.473382 0.614816 0.241035
35 02135 57065.00 347.002668 4.086763 0.319097 0.010110
36 02201 57065.00 51.706136 17.850570 0.386648 0.108998
37 02202 57065.00 157.737389 7.160272 0.204519 -0.047611
38 02212 57065.00 50.702886 24.012153 0.053080 0.021909
39 02329 57065.00 116.947135 1.425899 0.091238 0.006422
40 02340 57065.00 97.960512 17.868017 0.674763 -0.062322
41 02368 57065.00 110.267260 22.020412 0.218139 -0.047237
42 02608 57065.00 5.281332 -2.361304 0.095897 0.015491
43 03102 57065.00 163.915127 5.412381 0.138250 -0.034952
44 03103 57065.00 50.288053 -3.080201 1.222694 0.400486
45 03122 57065.00 282.339237 -41.774272 0.752977 0.173869
46 03199 57065.00 169.269150 -3.353223 0.196577 -0.284580
47 03200 57065.00 85.579605 23.100794 0.697645 -0.235330
48 03271 57065.00 169.968809 8.642462 0.182993 0.004584
49 03288 57065.00 359.511599 3.740845 0.162180 0.055090
50 03352 57065.00 239.409415 -16.923385 0.325772 -0.084316
51 03360 57065.00 132.832574 -3.554986 0.059224 -0.023822
52 03361 57065.00 19.836300 7.773229 0.664072 0.230405
53 03362 57065.00 324.782341 -12.298879 0.932352 0.145867
54 03551 57065.00 168.124343 3.954579 0.139585 -0.033587
55 03552 57065.00 150.446136 28.839096 0.023276 -0.022985
56 03553 57065.00 269.389322 0.667736 0.358410 0.197323
57 03554 57065.00 186.880990 -8.047322 0.424092 -0.440619
58 03671 57065.00 93.057706 25.944710 0.127594 0.023463
59 03688 57065.00 55.295501 21.233504 0.223923 0.055923
60 03691 57065.00 151.031106 20.646530 0.436642 -0.334758
61 03752 57065.00 235.752679 36.531378 0.550656 -0.059286
62 03753 57065.00 285.521419 -15.226577 0.985458 -0.210567
63 03757 57065.00 21.683263 5.782000 0.678562 0.300047
64 03800 57065.00 7.047786 -13.106373 0.416171 0.169588
65 03838 57065.00 90.968854 5.456743 0.134769 -0.057276
66 03908 57065.00 278.436187 -22.599345 0.395824 0.034550
67 03988 57065.00 218.784097 -16.814784 0.581931 -0.071763
68 04015 57065.00 150.330582 9.578327 0.103578 -0.040709
69 04034 57065.00 350.515930 -6.394228 0.958671 0.203666
70 04055 57065.00 211.485650 4.583848 0.375056 -0.025897
71 04179 57065.00 226.675485 -17.056189 0.070657 -0.019551
72 04183 57065.00 210.385644 -19.406122 1.619835 -0.526854
73 04197 57065.00 286.888619 -35.105480 0.119243 0.013679
74 04257 57065.00 347.408491 -3.414058 0.527330 -0.169825
75 04341 57065.00 274.467456 -20.481735 0.173171 -0.029055
76 04401 57065.00 156.813274 34.444857 0.748350 -0.474281
77 04450 57065.00 169.567981 0.764500 1.295980 -0.672161
78 04486 57065.00 66.652952 20.960848 0.089510 0.017375
79 04487 57065.00 20.958004 7.536211 0.837923 0.079845
80 04503 57065.00 322.426279 -17.453759 0.087158 0.027522
81 04544 57065.00 297.233465 -35.470126 1.493578 0.222036
82 04581 57065.00 196.796055 -5.555479 0.730207 -0.232543
83 04587 57065.00 110.016017 -1.168428 0.107202 0.000448
84 04596 57065.00 321.701538 -5.603013 0.502215 -0.161477
85 04660 57065.00 223.108864 -18.001187 0.486411 -0.140587
86 04688 57065.00 228.923561 -19.217595 0.187547 -0.027491
87 04769 57065.00 159.117674 6.675654 1.550495 -0.907344
88 04947 57065.00 190.069419 -10.837271 0.478257 -0.070955
89 04953 57065.00 271.650323 -29.559183 0.567345 -0.214065
90 04954 57065.00 230.912288 -34.150369 0.161609 -0.060059
91 04957 57065.00 153.838826 -27.042347 0.340398 -0.134349
92 05011 57065.00 5.683106 1.768604 0.425631 0.251474
93 05131 57065.00 89.873639 8.931044 0.181444 0.116446
94 05143 57065.00 334.453873 -6.569879 0.112757 0.063012
95 05145 57065.00 263.620899 -8.216927 0.004506 -0.002033
96 05189 57065.00 150.724339 12.825694 0.268337 -0.079737
97 05201 57065.00 301.313280 -23.619836 0.072524 0.014569
98 05261 57065.00 302.794863 -1.915539 0.532613 0.230297
99 05324 57065.00 131.281356 33.341917 0.066513 -0.030743
100 05332 57065.00 9.328227 -14.454373 0.505595 0.040199
101 05335 57065.00 319.744138 -0.725141 0.000405 0.003563
102 05370 57065.00 176.264943 0.992329 0.053887 -0.004100
103 05381 57065.00 155.627045 62.127975 3.787715 -0.572559
104 05496 57065.00 247.871770 40.653573 1.059719 -1.253300
105 05587 57065.00 120.909047 3.228894 0.117035 -0.011223
106 05590 57065.00 346.019147 5.392497 1.030266 0.247616
107 05604 57065.00 340.206540 -5.960273 1.979579 0.970229
108 05620 57065.00 154.420551 13.856183 0.219241 -0.053067
109 05626 57065.00 235.648106 -16.143733 0.131969 -0.025596
110 05645 57065.00 237.399729 -23.610376 0.352001 -0.155614
111 05646 57065.00 221.325053 -20.259129 0.233498 -0.099232
112 05653 57065.00 217.118185 -18.379068 0.457158 -0.198048
113 05660 57065.00 311.905970 -10.528416 0.415933 0.550140
114 05693 57065.00 220.272448 -11.270109 0.420512 -0.156117
115 05731 57065.00 329.987322 -2.946223 0.076787 0.040861
116 05751 57065.00 336.320575 -18.572601 0.151031 0.018136
117 05786 57065.00 324.580870 -6.681124 0.329459 -0.019069
118 05797 57065.00 285.652686 -23.731209 0.170935 0.028108
119 05828 57065.00 131.603863 19.889406 0.204660 0.048322
120 05836 57065.00 152.721504 2.773296 0.096613 -0.035433
121 05863 57065.00 110.909984 5.316422 0.117711 0.003594
122 05869 57065.00 312.912886 1.018342 0.248287 0.078037
123 05879 57065.00 213.687783 7.101083 0.647833 -0.126223
124 06037 57065.00 1.225274 0.609119 1.495907 0.541546
125 06047 57065.00 200.078493 -17.073799 0.467350 -0.438393
126 06050 57065.00 112.432881 24.271588 0.408961 -0.019393
127 06053 57065.00 150.199595 7.437830 0.224257 -0.195150
128 06063 57065.00 316.078808 -13.789047 0.069621 0.014915
129 06130 57065.00 264.053744 -3.345655 0.447141 -0.126891
130 06178 57065.00 302.657114 -23.666623 0.276827 0.043712
131 06239 57065.00 103.260940 26.400355 0.718267 -0.080251
132 06455 57065.00 167.070765 41.159363 0.136543 -0.112396
133 06456 57065.00 254.376839 -29.638210 0.756993 -0.020124
134 06489 57065.00 203.480738 -9.978494 0.676882 -0.231823
135 06491 57065.00 191.323235 -11.037148 0.622685 -0.282814
136 06569 57065.00 80.315270 10.906113 0.307943 0.126661
137 06611 57065.00 330.541238 -2.918645 0.166362 0.057197
138 07025 57065.00 321.434770 -13.455670 0.343146 0.031811
139 07066 57065.00 337.625802 -24.200662 0.005663 0.002827
140 07088 57065.00 235.980204 -13.638771 0.214547 -0.071667
141 07092 57065.00 358.441914 -18.648003 0.068878 0.038600
142 07096 57065.00 279.610747 -14.569891 0.169271 -0.010438
143 07236 57065.00 37.693481 31.953650 0.234882 0.062017
144 07335 57065.00 192.521040 7.922823 0.394688 -0.251835
145 07336 57065.00 136.301312 11.912870 0.171453 -0.033577
146 07341 57065.00 242.733823 -25.268362 0.261340 -0.029024
147 07350 57065.00 268.977622 -18.366264 0.331672 -0.031920
148 07358 57065.00 7.752400 8.258439 0.976339 0.393172
149 07467 57065.00 11.768942 -10.365272 0.389886 0.227314
150 07474 57065.00 171.155797 11.376289 0.281958 -0.112616
151 07480 57065.00 171.897065 10.666580 0.307689 -0.091122
152 07482 57065.00 350.515395 -29.778812 0.389448 0.001207
153 07604 57065.00 232.527114 1.945171 0.056116 -0.012711
154 07753 57065.00 231.261789 -17.577117 0.466932 -0.140136
155 07822 57065.00 193.986992 16.186451 0.661174 0.080828
156 07839 57065.00 146.398246 31.067888 0.139496 0.001580
157 07888 57065.00 312.145538 -2.683191 0.068113 -0.007261
158 07889 57065.00 182.685034 34.001329 1.222664 -0.154320
159 07977 57065.00 159.414951 18.437288 0.208474 0.003493
160 08013 57065.00 82.474231 20.323786 0.147165 0.023530
161 08014 57065.00 163.726670 5.440901 0.182737 -0.070809
162 08034 57065.00 19.542872 9.387060 0.572466 0.208453
163 08035 57065.00 70.221824 -3.569749 0.538333 -0.038215
164 08037 57065.00 50.212294 21.573830 0.593783 0.198056
165 08176 57065.00 194.200113 35.649428 0.288253 -0.215369
166 08201 57065.00 330.903481 -9.336914 0.141444 0.027018
167 08373 57065.00 39.141525 -24.145253 0.118753 0.090594
168 08405 57065.00 62.000096 36.755708 0.011561 0.003203
169 08507 57065.00 138.588305 16.388970 0.137453 -0.081893
170 08566 57065.00 307.457726 4.766013 1.392564 -0.395523
171 08567 57065.00 115.706922 13.760021 0.291943 -0.030484
172 08709 57065.00 3.531006 -1.892323 0.346454 0.138014
173 09058 57065.00 52.589542 14.469842 0.497141 -0.011225
174 09162 57065.00 326.840069 -7.992175 1.024618 0.216001
175 09172 57065.00 205.950545 -18.931855 0.099605 -0.032971
176 09202 57065.00 81.037266 57.417733 1.985559 -0.376097
177 09400 57065.00 311.061993 -52.873768 0.226370 0.086246
178 09767 57065.00 32.824547 34.998940 0.070189 0.030228
179 09856 57065.00 268.203751 -13.752559 1.615273 -0.067783
180 09950 57065.00 156.501317 -5.848665 0.095369 -0.039561
181 10115 57065.00 16.799741 10.218163 0.394573 0.296083
182 10145 57065.00 151.577177 11.577884 0.141638 -0.065022
183 10150 57065.00 182.622598 41.358591 0.126701 -0.006751
184 10165 57065.00 66.757162 43.078490 0.723547 -0.015449
185 10199 57065.00 267.239995 -36.567975 0.019284 0.005347
186 10302 57065.00 211.670655 -8.400748 0.705906 -0.272358
187 10370 57065.00 268.359039 -19.285453 0.009082 -0.000135
188 10563 57065.00 55.137468 22.844870 0.201081 0.738118
189 10636 57065.00 241.591227 -8.028787 0.208122 -0.022499
190 10860 57065.00 178.105847 -3.596878 0.095136 -0.039535
191 11054 57065.00 293.093084 -24.069845 0.224055 0.039556
192 11066 57065.00 163.172045 15.829812 0.196654 -0.312368
193 11284 57065.00 55.930830 21.710463 0.720722 0.145579
194 11311 57065.00 300.695514 -42.067137 0.903830 -0.026228
195 11398 57065.00 229.627650 -2.822316 1.030937 -0.252942
196 11405 57065.00 190.557195 12.975544 1.136712 -0.149791
197 11500 57065.00 297.631529 -11.651110 0.593458 0.161408
198 11885 57065.00 355.131669 -4.455682 0.266536 0.243784
199 12538 57065.00 69.686195 9.632534 0.497177 -0.113115
200 12711 57065.00 20.245573 49.579881 0.796342 0.180412
201 12923 57065.00 154.433798 9.102013 0.150426 -0.042705
202 13553 57065.00 240.558746 -16.212508 0.666117 -0.083350
203 13651 57065.00 64.024291 7.093632 0.346388 0.126647
204 14222 57065.00 203.129525 -16.655627 0.219763 -0.020101
205 14402 57065.00 46.124369 6.372227 0.216515 0.044754
206 14827 57065.00 10.161210 2.783465 0.631504 0.285035
207 15504 57065.00 139.880703 51.966632 0.010835 -0.003861
208 15745 57065.00 93.837090 14.215825 0.278211 0.044579
209 15760 57065.00 29.031664 13.124324 0.003832 0.001499
210 15788 57065.00 48.061712 19.543789 0.008407 0.002313
211 15789 57065.00 32.821296 16.868360 0.004371 0.001784
212 15807 57065.00 199.350647 -7.927785 0.003159 -0.001256
213 15809 57065.00 276.410909 -32.295181 0.006187 -0.000865
214 15810 57065.00 282.544473 -20.333562 0.004891 0.000140
215 15817 57065.00 105.333575 10.903884 0.546295 0.011423
216 15820 57065.00 38.270818 27.805448 0.008912 0.002764
217 15836 57065.00 167.045422 9.821073 0.004704 -0.001527
218 15874 57065.00 69.259461 8.967073 0.005712 -0.001128
219 15875 57065.00 73.555770 27.609558 0.008702 0.000500
220 15883 57065.00 162.955851 17.970206 0.003440 -0.000437
221 16064 57065.00 187.620900 -6.042039 0.225498 -0.114656
222 16636 57065.00 78.918539 27.441508 0.422331 -0.008855
223 16657 57065.00 179.045388 18.547795 0.198422 -0.180762
224 16684 57065.00 233.673805 -21.230143 0.003471 -0.001012
225 16816 57065.00 34.284847 13.366754 0.160071 0.153157
226 16834 57065.00 3.292604 17.932547 0.365369 0.121294
227 16912 57065.00 236.560318 3.042105 0.265902 -0.015827
228 16960 57065.00 349.472663 14.515324 0.162832 0.066640
229 17181 57065.00 275.039982 -19.877617 0.266885 -0.036879
230 17182 57065.00 299.118600 -26.546824 0.585956 0.175644
231 17188 57065.00 11.122057 34.473215 0.103813 0.022931
232 17274 57065.00 106.909391 24.541554 0.144042 -0.027647
233 17511 57065.00 27.330899 17.254710 0.368897 0.191146
234 18106 57065.00 208.869837 -7.391091 0.153844 -0.059766
235 18109 57065.00 210.183278 -11.903192 0.184200 -0.069021
236 18172 57065.00 298.699809 -33.756370 0.145228 0.053506
237 18736 57065.00 54.375636 21.919474 0.348272 0.068561
238 18882 57065.00 38.801740 49.655498 0.568548 0.024167
239 18916 57065.00 284.112394 -25.235237 0.137359 0.027809
240 19255 57065.00 86.908582 23.788646 0.004105 0.000147
241 19299 57065.00 52.952788 22.233819 0.007503 0.002145
242 19308 57065.00 11.011460 16.365534 0.002079 0.002243
243 19356 57065.00 346.455354 -4.632452 0.080126 0.028795
244 19521 57065.00 77.027274 28.755357 0.004564 0.001050
245 19764 57065.00 95.237458 23.510571 0.151139 -0.008441
246 20000 57065.00 120.114987 26.573459 0.003992 0.000190
247 20086 57065.00 124.271082 -1.338451 0.053784 -0.020395
248 20108 57065.00 43.331902 4.731310 0.004741 0.000100
249 20161 57065.00 24.449174 19.981525 0.003335 0.001794
250 20236 57065.00 77.992578 19.427661 0.221295 0.036734
251 20255 57065.00 354.286829 -1.197289 0.140600 0.033432
252 20425 57065.00 272.143213 -18.505683 0.549265 0.053301
253 20429 57065.00 314.951485 -23.189622 0.629160 0.144251
254 20460 57065.00 311.207252 3.658205 0.242338 0.234543
255 20461 57065.00 41.640202 -4.167292 -0.002354 -0.001102
256 20790 57065.00 204.216238 -19.020893 0.319209 -0.121921
257 20826 57065.00 13.260111 27.468154 0.071334 0.074379
258 21088 57065.00 183.552307 -44.125615 0.434959 -0.198641
259 21277 57065.00 346.564681 -5.029484 0.580258 0.017699
260 21374 57065.00 67.650394 26.684227 0.525298 0.291840
261 22099 57065.00 156.628058 12.902219 0.511585 -0.107816
262 22753 57065.00 58.050291 23.208203 0.379056 0.066795
263 22771 57065.00 161.679503 7.488159 0.335966 -0.221555
264 23183 57065.00 289.351399 -13.073539 0.225325 -0.143136
265 23187 57065.00 297.377252 18.673378 0.127555 -0.051664
266 23548 57065.00 185.298233 -13.122582 0.376061 -0.366273
267 23606 57065.00 172.691275 -10.586365 0.325193 -0.189460
268 23714 57065.00 54.111407 11.070555 0.139071 0.038463
269 24443 57065.00 189.731714 1.152331 0.203543 0.007726
270 24445 57065.00 226.144159 -7.384375 0.110727 0.011556
271 24475 57065.00 199.705094 5.505927 0.451138 -0.259464
272 24761 57065.00 215.336083 9.162686 0.350581 -0.128371
273 24835 57065.00 42.844384 30.767406 0.004090 0.002936
274 24952 57065.00 23.673777 22.264591 0.005618 0.003459
275 24978 57065.00 250.602560 -23.138381 0.003515 -0.000590
276 25143 57065.00 260.122721 -23.465089 1.216399 -0.108668
277 25330 57065.00 277.578603 -33.646392 0.382942 -0.040301
278 25916 57065.00 50.947792 7.089846 0.213274 0.101424
279 26166 57065.00 46.596835 7.361247 0.061071 0.005194
280 26181 57065.00 234.602715 -10.434363 0.003988 -0.000227
281 26308 57065.00 37.798005 6.723482 0.004241 0.000540
282 26310 57065.00 99.791727 18.132556 0.173260 -0.017016
283 26375 57065.00 180.510817 -5.545533 0.004002 -0.002247
284 26379 57065.00 352.668167 6.035704 0.716153 0.281160
285 26663 57065.00 317.590615 -13.222119 0.260234 0.148861
286 26677 57065.00 307.708572 -42.145082 0.690839 -0.016891
287 26760 57065.00 168.173795 9.075785 0.128228 -0.028807
288 26817 57065.00 192.297008 -2.875674 0.198973 -0.073506
289 27002 57065.00 290.001198 -18.929377 0.217648 -0.001768
290 27031 57065.00 89.686518 18.210818 0.191489 -0.003384
291 27234 57065.00 154.245530 9.878576 0.259331 -0.259445
292 27346 57065.00 94.106024 -2.752625 0.757206 0.353129
293 28978 57065.00 260.707067 -26.953763 0.003497 -0.001449
294 29075 57065.00 1.055469 1.612855 0.211214 0.150267
295 29981 57065.00 95.023612 17.396525 0.007793 -0.000281
296 30825 57065.00 63.872997 15.569853 0.074387 0.004324
297 30997 57065.00 26.141073 -0.375599 0.088157 0.127206
298 31210 57065.00 165.968015 9.121220 0.257702 -0.065334
299 31221 57065.00 340.330212 -4.754815 0.198140 0.178069
300 31345 57065.00 234.811872 -17.898139 0.216231 -0.025028
301 31346 57065.00 152.344810 8.021651 0.194618 -0.092871
302 31662 57065.00 171.384932 13.338434 0.152968 -0.126802
303 31669 57065.00 245.617801 -19.559912 0.230679 -0.075321
304 31824 57065.00 175.642719 7.587105 0.011376 -0.004942
305 32511 57065.00 32.515662 21.925478 0.069683 0.019271
306 32532 57065.00 100.786553 3.203325 0.020196 -0.003181
307 32906 57065.00 21.288539 26.526336 0.723093 0.412394
308 32929 57065.00 25.904080 14.528166 0.006650 0.002879
309 33001 57065.00 136.732908 17.448882 0.003449 -0.001091
310 33128 57065.00 173.092470 12.237890 0.004599 -0.001041
311 33340 57065.00 95.663367 21.693946 0.007879 -0.000006
312 33342 57065.00 9.947300 -3.405950 1.262625 0.590889
313 34613 57065.00 336.053910 -7.743931 0.359688 0.182649
314 35107 57065.00 110.495563 15.087214 0.744406 0.048596
315 35396 57065.00 73.714336 19.892566 0.546014 0.029527
316 35432 57065.00 266.543738 -17.017910 0.117968 -0.026614
317 35670 57065.00 221.761327 -21.445778 0.167206 -0.033922
318 35671 57065.00 16.069174 6.394401 0.004263 0.001352
319 36017 57065.00 120.782513 23.615762 0.622308 -0.167752
320 36183 57065.00 29.830833 -11.648753 0.652892 0.861472
321 36236 57065.00 39.600389 35.714484 0.409101 -0.242812
322 36284 57065.00 303.300381 -47.679008 1.973938 1.832867
323 37117 57065.00 290.503034 -12.726962 0.030819 0.010240
324 37336 57065.00 333.583466 23.964178 1.039960 0.114551
325 37384 57065.00 297.240149 -37.150748 0.100911 -0.004445
326 37638 57065.00 98.406753 19.443060 1.460353 0.000306
327 37655 57065.00 250.490491 -5.086401 0.133485 -0.034399
328 38071 57065.00 343.669026 0.132481 0.186033 0.038485
329 38083 57065.00 201.466237 -12.505089 0.002964 -0.002010
330 38084 57065.00 224.028487 -5.229280 0.005907 -0.001047
331 38086 57065.00 110.419887 2.465436 0.478597 0.043546
332 38239 57065.00 36.402741 11.352035 0.119854 0.020146
333 38628 57065.00 237.451290 -5.419848 0.006906 -0.000854
334 39565 57065.00 196.610228 -9.982555 0.251889 -0.147433
335 39572 57065.00 74.666200 31.157514 0.247263 0.002471
336 39774 57065.00 50.869618 6.164878 0.606384 0.016158
337 39796 57065.00 83.942058 10.806727 0.288201 0.027944
338 40263 57065.00 72.869056 -3.048855 0.661880 0.026386
339 40267 57065.00 215.917429 18.037877 0.307209 -0.026135
340 40314 57065.00 232.038680 -7.106017 0.005018 0.000734
341 40329 57065.00 152.153603 9.115335 0.119245 -0.041545
342 41429 57065.00 82.139951 25.418078 0.243436 0.011440
343 41434 57065.00 229.809892 -23.525389 0.408905 -0.202644
344 41440 57065.00 57.623568 18.855167 0.333224 0.160884
345 42286 57065.00 41.285125 9.464831 0.225232 0.188258
346 42301 57065.00 31.044776 13.403406 0.002571 0.000890
347 42355 57065.00 197.743860 -8.749050 0.011628 -0.005266
348 44594 57065.00 354.005881 0.251769 0.011854 0.005033
349 45802 57065.00 325.931654 -13.035571 0.003243 0.001019
350 47171 57065.00 32.286806 4.907064 0.006215 0.002581
351 47932 57065.00 230.730603 -23.916304 0.006918 -0.002917
352 48603 57065.00 251.526100 -27.246312 0.202019 -0.018924
353 48639 57065.00 46.200127 17.511230 0.003711 0.000980
354 49036 57065.00 26.948546 1.309495 0.010318 0.003475
355 49673 57065.00 339.841444 -18.128542 0.003988 0.000005
356 50000 57065.00 266.327926 -15.589191 0.003358 0.000005
357 52340 57065.00 327.829167 -18.761966 0.116288 0.052566
358 52381 57065.00 242.022352 -14.171967 0.535321 -0.063225
359 52387 57065.00 257.320122 -38.387218 0.699511 0.135300
360 52689 57065.00 88.486726 34.355250 0.357029 0.008301
361 52747 57065.00 259.298027 -23.227392 0.003600 -0.000299
362 52750 57065.00 59.281160 9.133080 1.550644 0.363201
363 52760 57065.00 166.308714 5.563140 0.078273 -0.036815
364 52761 57065.00 98.051064 16.737652 0.351582 -0.131681
365 52762 57065.00 4.933727 38.067714 0.074168 0.046557
366 52768 57065.00 30.102478 12.861748 0.088357 0.041489
367 52872 57065.00 285.935863 -8.096833 0.028334 0.000105
368 52975 57065.00 107.274334 32.677608 0.008573 -0.000029
369 53110 57065.00 336.111053 -47.397804 0.454842 0.013251
370 53311 57065.00 221.796443 -16.069434 0.003289 -0.001027
371 53319 57065.00 120.686921 16.854680 0.066903 0.001345
372 53409 57065.00 80.023654 14.404709 0.774788 -0.031676
373 53426 57065.00 154.205931 -13.310915 0.309281 -0.096480
374 53429 57065.00 72.987691 0.565774 0.104245 -0.015537
375 53430 57065.00 81.243727 -5.564901 0.401644 -0.497366
376 53435 57065.00 209.294045 -5.648724 0.097617 -0.068433
377 53550 57065.00 191.721308 -11.937821 0.729973 -0.354730
378 53789 57065.00 253.582077 14.452596 0.398062 0.076216
379 54071 57065.00 55.078080 29.557317 0.597159 0.357080
380 54401 57065.00 124.791210 1.727818 0.252202 -0.097468
381 54509 57065.00 60.300202 21.588016 0.799572 0.131506
382 54520 57065.00 326.071900 -10.432675 0.002585 0.001143
383 54598 57065.00 27.453478 30.514147 0.015606 0.008535
384 54660 57065.00 351.694654 32.193989 1.143188 -0.125570
385 54686 57065.00 104.371139 -5.703676 0.821114 0.167108
386 54690 57065.00 25.799086 4.697541 0.250523 0.365233
387 54789 57065.00 214.103797 11.792932 0.609269 -0.173249
388 55408 57065.00 276.998885 7.015014 0.903661 0.098222
389 55532 57065.00 36.118952 -21.184578 0.095523 0.079327
390 55565 57065.00 144.644687 0.912046 0.002543 -0.002084
391 55576 57065.00 268.696790 -33.213088 0.014053 0.001816
392 55636 57065.00 16.029837 32.252792 0.003610 0.002262
393 55637 57065.00 38.620804 9.746449 0.004072 -0.000009
394 55638 57065.00 81.888129 8.716959 0.007409 -0.000523
395 58534 57065.00 180.571436 2.068616 0.003285 -0.001323
396 59358 57065.00 156.319629 15.667300 0.004825 -0.001142
397 60454 57065.00 179.942361 -0.792736 0.003201 -0.001467
398 60458 57065.00 152.492953 3.563148 0.003566 -0.002847
399 60558 57065.00 331.904975 -9.732543 0.081560 0.023741
400 60608 57065.00 197.210488 -13.735663 0.009494 -0.003863
401 60620 57065.00 207.487026 -3.274491 0.004387 -0.000211
402 60621 57065.00 208.802562 -14.751615 0.003797 -0.001792
403 63252 57065.00 243.497766 -28.439042 0.020414 0.000118
404 65407 57065.00 241.176582 8.662712 -0.002778 -0.002229
405 65489 57065.00 228.705645 0.998675 0.004111 -0.000249
406 65674 57065.00 105.303286 33.465646 0.333823 -0.041766
407 65679 57065.00 9.138593 3.653020 0.635599 0.253577
408 65690 57065.00 180.643345 -0.175235 0.946387 -0.206597
409 65706 57065.00 62.452811 30.648140 0.767693 0.151232
410 65717 57065.00 267.729617 -20.635334 0.381014 -0.006798
411 65733 57065.00 31.066533 16.335496 0.781912 0.305559
412 65803 57065.00 186.709928 0.521317 0.231052 -0.106699
413 65909 57065.00 100.701901 22.526233 2.325883 -0.029277
414 65996 57065.00 120.526226 15.053790 0.075702 -0.026017
415 66008 57065.00 233.542133 36.330242 1.278433 0.230103
416 66063 57065.00 321.528342 -30.153723 0.234702 0.149646
417 66146 57065.00 55.310664 15.647062 0.999801 0.290284
418 66251 57065.00 329.648663 -3.695007 0.766564 0.169022
419 66253 57065.00 233.735167 0.081435 0.104074 -0.017233
420 66272 57065.00 42.862968 -19.624595 0.252325 0.425427
421 66391 57065.00 121.694648 -16.513951 8.603739 -4.966700
422 66400 57065.00 234.529161 -15.641439 0.395488 -0.153390
423 66407 57065.00 246.833480 -10.922782 0.526663 -0.282088
424 66452 57065.00 336.524865 -10.772387 0.002958 0.000967
425 66652 57065.00 348.675138 -5.472866 0.003421 0.001411
426 66959 57065.00 242.685421 -14.008547 0.142046 -0.081616
427 67367 57065.00 190.651115 -13.772343 0.603027 -0.213668
428 67381 57065.00 49.643029 27.911819 0.365342 0.056802
429 67399 57065.00 231.333788 -33.822763 1.477330 -0.357442
430 68031 57065.00 9.854314 -10.317978 0.484748 0.139353
431 68063 57065.00 105.392587 25.166654 0.336369 -0.060682
432 68216 57065.00 231.246926 -30.470424 0.352707 -0.168291
433 68267 57065.00 99.563599 62.041740 0.808474 -0.024402
434 68278 57065.00 204.712340 -7.580322 0.468019 -0.187954
435 68346 57065.00 97.904358 8.861313 0.616885 -0.126410
436 68347 57065.00 348.643817 12.833295 0.678538 0.223869
437 68348 57065.00 193.066493 -22.371108 0.265041 -0.011486
438 68350 57065.00 32.974645 -17.394059 0.597264 0.150774
439 68359 57065.00 20.215139 -1.995238 0.449645 0.195613
440 68372 57065.00 78.050661 22.144773 0.342529 -0.018078
441 68548 57065.00 82.706473 37.765930 0.502045 -0.102790
442 68950 57065.00 254.990599 -13.977853 0.680106 0.214181
443 69230 57065.00 273.332551 -28.596231 0.250383 -0.007809
444 69986 57065.00 82.155923 16.494290 0.005755 -0.000833
445 69987 57065.00 69.614385 21.156611 0.004101 0.000541
446 69988 57065.00 56.207285 25.962799 0.003683 0.001174
447 69990 57065.00 80.700263 20.461171 0.005684 -0.000205
448 73480 57065.00 17.498560 25.425021 0.011002 0.004570
449 76803 57065.00 333.794814 -24.323676 0.004711 -0.000911
450 78799 57065.00 86.709024 32.819043 0.003631 0.000587
451 78801 57065.00 193.099479 -3.080974 0.311006 -0.085591
452 79360 57065.00 139.046283 15.358767 0.003521 -0.001227
453 79969 57065.00 187.662811 -5.287171 0.004661 -0.002270
454 79978 57065.00 151.684090 14.686479 0.002791 -0.002188
455 79983 57065.00 174.591310 -1.484014 0.003446 -0.002208
456 80806 57065.00 157.749724 13.145830 0.003386 -0.001429
457 82075 57065.00 138.702365 19.104212 0.003876 0.000058
458 82155 57065.00 207.052313 -17.850847 0.005760 -0.003471
459 82157 57065.00 182.988958 1.749027 0.003905 -0.001368
460 82158 57065.00 212.392573 4.236859 0.005820 0.000616
461 83943 57065.00 158.274729 -1.692642 0.138713 -0.008543
462 83982 57065.00 296.176116 -20.567447 0.014083 -0.000781
463 84522 57065.00 34.246952 25.822108 0.002494 0.002813
464 84719 57065.00 48.337516 25.240596 0.004171 0.001904
465 84922 57065.00 71.773092 33.592883 0.005926 -0.000179
466 85182 57065.00 18.818835 10.199640 0.086163 0.038336
467 85184 57065.00 99.702453 -5.623923 0.629923 -0.264966
468 85236 57065.00 199.401693 0.123746 0.370069 -0.238266
469 85275 57065.00 241.763840 -3.051930 0.400269 -0.102229
470 85490 57065.00 157.387393 7.353693 0.035706 -0.015294
471 85585 57065.00 290.188785 -26.111999 0.372910 0.052504
472 85627 57065.00 250.704778 -22.683052 0.003729 -0.000574
473 85628 57065.00 318.430079 -28.504556 0.297124 0.055335
474 85633 57065.00 326.164805 -14.409400 0.003185 0.001000
475 85640 57065.00 174.174375 -1.537748 0.393642 -0.191320
476 85709 57065.00 305.785484 2.635425 0.553921 0.015056
477 85713 57065.00 211.689264 -11.195238 1.065423 -0.617522
478 85770 57065.00 94.585561 55.628049 0.994456 0.057517
479 85774 57065.00 337.174407 -24.127699 0.383771 0.132491
480 85804 57065.00 128.658274 6.467552 0.558674 -0.459890
481 85818 57065.00 300.602791 44.645030 0.312809 0.130186
482 85839 57065.00 335.450165 -18.730096 0.432239 0.201214
483 85867 57065.00 338.276479 -8.110969 0.226162 0.089288
484 85938 57065.00 3.765682 -1.302437 0.180634 0.112621
485 85953 57065.00 198.150630 -3.519155 0.564605 -0.102340
486 85989 57065.00 235.765520 -2.688525 0.444879 -0.142984
487 85990 57065.00 140.690327 16.653447 0.686895 -0.150311
488 86039 57065.00 244.644240 -27.910701 0.152052 -0.015962
489 86047 57065.00 322.915388 -4.590304 0.002728 0.002469
490 86067 57065.00 167.892572 20.284674 0.526724 0.030846
491 86177 57065.00 348.736547 5.936129 0.003819 0.003617
492 86324 57065.00 200.672727 -45.512945 0.243736 -0.055576
493 86326 57065.00 105.854572 38.436321 0.676412 0.235028
494 86450 57065.00 29.920861 -6.882009 2.204869 0.716884
495 86666 57065.00 270.466362 5.421856 0.244306 0.014607
496 86667 57065.00 131.839225 3.551663 1.416553 -0.304723
497 86819 57065.00 71.780585 12.256969 0.336266 0.038231
498 86829 57065.00 293.367313 -29.506996 0.206207 -0.011112
499 86878 57065.00 282.242584 -15.561296 0.214808 0.040067
