0 00433 57064.00 1.262415 10.926442 0.436316 0.237626
1 00719 57064.00 100.744832 11.562313 0.213648 -0.011112
2 00887 57064.00 276.649040 -20.958967 0.087863 -0.009906
3 00944 57064.00 288.770458 -64.759249 0.061334 0.000578
4 01036 57064.00 212.275901 -13.495023 0.150548 0.019063
5 01221 57064.00 287.470878 -11.690723 0.520087 0.015395
6 01362 57064.00 210.857326 13.144666 0.080183 -0.027712
7 01373 57064.00 234.076378 -52.968922 0.146399 0.011268
8 01566 57064.00 328.168126 -32.205632 0.313707 0.027671
9 01580 57064.00 166.059822 62.929015 1.065914 -0.215460
10 01620 57064.00 159.366297 8.552070 0.651382 -0.454705
11 01627 57064.00 146.103926 15.174858 0.206348 -0.039398
12 01685 57064.00 215.510153 -22.166197 0.277862 -0.061522
13 01862 57064.00 113.001490 27.957716 0.301810 -0.035197
14 01863 57064.00 90.630170 41.325146 0.136415 -0.008543
15 01864 57064.00 170.628395 12.812055 0.133824 -0.127902
16 01865 57064.00 321.571986 0.774903 0.465985 0.109030
17 01866 57064.00 157.937324 52.943695 0.318620 -0.065165
18 01915 57064.00 320.199496 -6.974573 0.084616 -0.001507
19 01916 57064.00 269.157086 -35.671178 0.833192 0.043938
20 01917 57064.00 53.782040 1.776884 0.999007 -0.049551
21 01921 57064.00 29.430358 26.689405 0.361971 0.221589
22 01922 57064.00 13.930111 23.720434 0.159765 -0.019420
23 01943 57064.00 24.287878 15.896661 0.369887 0.092534
24 01951 57064.00 296.119040 -9.614035 0.601913 -0.311382
25 01980 57064.00 235.611504 -23.739239 0.360419 0.082042
26 01981 57064.00 108.988474 61.596600 0.263024 -0.043371
27 02059 57064.00 295.730894 -10.172376 0.327269 0.052365
28 02060 57064.00 346.033224 -0.880507 0.009833 0.003130
29 02061 57064.00 303.447718 -16.033560 0.760361 0.160288
30 02062 57064.00 153.060414 23.841567 1.054758 -0.112575
31 02063 57064.00 110.427992 31.291695 2.220885 -0.188238
32 02100 57064.00 346.569009 -4.269490 0.563391 0.068977
33 02101 57064.00 250.908247 -23.611819 0.253404 -0.031694
34 02102 57064.00 34.101247 -57.716916 0.621678 0.237572
35 02135 57064.00 346.684353 4.077083 0.317205 0.010174
36 02201 57064.00 51.328752 17.742891 0.381457 0.108340
37 02202 57064.00 157.533328 7.207369 0.205369 -0.047728
38 02212 57064.00 50.652664 23.990804 0.053104 0.021914
39 02329 57064.00 116.858376 1.419425 0.091365 0.006436
40 02340 57064.00 97.298260 17.927966 0.670314 -0.059662
41 02368 57064.00 110.053009 22.066676 0.218857 -0.047112
42 02608 57064.00 5.186275 -2.376926 0.096084 0.015507
43 03102 57064.00 163.777276 5.446940 0.138060 -0.034886
44 03103 57064.00 49.073274 -3.481176 1.229099 0.400760
45 03122 57064.00 281.577241 -41.947074 0.750641 0.167343
46 03199 57064.00 169.072302 -3.067843 0.196935 -0.285454
47 03200 57064.00 84.909557 23.329223 0.671554 -0.222933
48 03271 57064.00 169.785906 8.637192 0.182577 0.004662
49 03288 57064.00 359.350064 3.685967 0.162558 0.055229
50 03352 57064.00 239.077135 -16.838020 0.326946 -0.085259
51 03360 57064.00 132.775078 -3.531027 0.059114 -0.023797
52 03361 57064.00 19.180282 7.544393 0.658010 0.229479
53 03362 57064.00 323.836269 -12.446741 0.949745 0.145106
54 03551 57064.00 167.984695 3.987912 0.139750 -0.033617
55 03552 57064.00 150.423471 28.861300 0.023244 -0.022975
56 03553 57064.00 269.023257 0.469943 0.360170 0.198308
57 03554 57064.00 186.454761 -7.605597 0.422368 -0.440356
58 03671 57064.00 92.933915 25.920803 0.127660 0.023571
59 03688 57064.00 55.076333 21.178177 0.222941 0.055973
60 03691 57064.00 150.597035 20.977412 0.436367 -0.332101
61 03752 57064.00 235.191767 36.587755 0.554044 -0.056898
62 03753 57064.00 284.514941 -15.013088 1.004078 -0.219415
63 03757 57064.00 21.013177 5.483746 0.671652 0.297990
64 03800 57064.00 6.633436 -13.277175 0.417078 0.169014
65 03838 57064.00 90.838604 5.513975 0.135050 -0.057373
66 03908 57064.00 278.034977 -22.634107 0.393407 0.033299
67 03988 57064.00 218.197734 -16.740890 0.577692 -0.072971
68 04015 57064.00 150.227964 9.618536 0.103830 -0.040793
69 04034 57064.00 349.565073 -6.596668 0.943840 0.198541
70 04055 57064.00 211.107074 4.609218 0.373316 -0.025579
71 04179 57064.00 226.602318 -17.036179 0.070585 -0.019580
72 04183 57064.00 208.747167 -18.863843 1.636821 -0.550551
73 04197 57064.00 286.764972 -35.120159 0.119797 0.013580
74 04257 57064.00 346.883614 -3.245395 0.522099 -0.168432
75 04341 57064.00 274.288877 -20.452971 0.173987 -0.029402
76 04401 57064.00 156.059646 34.913929 0.763502 -0.473857
77 04450 57064.00 168.287301 1.428082 1.265288 -0.655541
78 04486 57064.00 66.566799 20.943695 0.089526 0.017406
79 04487 57064.00 20.124890 7.456613 0.838598 0.081491
80 04503 57064.00 322.337763 -17.482043 0.087147 0.027449
81 04544 57064.00 295.729748 -35.686594 1.488161 0.201472
82 04581 57064.00 196.057419 -5.320382 0.737008 -0.235845
83 04587 57064.00 109.911645 -1.168835 0.107019 0.000445
84 04596 57064.00 321.198244 -5.442688 0.497513 -0.160447
85 04660 57064.00 222.614615 -17.858098 0.488825 -0.142806
86 04688 57064.00 228.731606 -19.189215 0.188137 -0.027811
87 04769 57064.00 157.547633 7.589816 1.595806 -0.924927
88 04947 57064.00 189.588020 -10.764533 0.478877 -0.071851
89 04953 57064.00 271.069603 -29.343104 0.574140 -0.220081
90 04954 57064.00 230.746503 -34.089141 0.161249 -0.060279
91 04957 57064.00 153.500572 -26.904866 0.339603 -0.135205
92 05011 57064.00 5.261863 1.518547 0.421494 0.249098
93 05131 57064.00 89.697865 8.814576 0.180790 0.116176
94 05143 57064.00 334.339686 -6.633530 0.113394 0.063281
95 05145 57064.00 263.615943 -8.214899 0.004507 -0.002034
96 05189 57064.00 150.458341 12.903904 0.267330 -0.079156
97 05201 57064.00 301.238764 -23.635049 0.072605 0.014529
98 05261 57064.00 302.256512 -2.145843 0.532427 0.229929
99 05324 57064.00 131.216630 33.371562 0.066558 -0.030741
100 05332 57064.00 8.826985 -14.495564 0.502158 0.038843
101 05335 57064.00 319.743469 -0.728710 0.000413 0.003563
102 05370 57064.00 176.210781 0.996390 0.053801 -0.004095
103 05381 57064.00 151.761791 62.635903 3.958085 -0.470348
104 05496 57064.00 246.776250 41.898007 1.097376 -1.238620
105 05587 57064.00 120.794720 3.239973 0.116793 -0.011193
106 05590 57064.00 344.983192 5.143887 1.040443 0.251926
107 05604 57064.00 338.240933 -6.918724 1.945869 0.942527
108 05620 57064.00 154.202848 13.907968 0.218544 -0.052707
109 05626 57064.00 235.512631 -16.117691 0.131803 -0.025675
110 05645 57064.00 237.040458 -23.453020 0.352548 -0.157103
111 05646 57064.00 221.087894 -20.158863 0.232194 -0.099167
112 05653 57064.00 216.654680 -18.178421 0.458389 -0.200213
113 05660 57064.00 311.487981 -11.073098 0.407388 0.536201
114 05693 57064.00 219.847927 -11.113537 0.415383 -0.155029
115 05731 57064.00 329.909520 -2.987211 0.076747 0.040802
116 05751 57064.00 336.168656 -18.591887 0.151073 0.018003
117 05786 57064.00 324.244989 -6.662720 0.335059 -0.019611
118 05797 57064.00 285.477511 -23.759995 0.171087 0.027896
119 05828 57064.00 131.403338 19.839669 0.203253 0.048239
120 05836 57064.00 152.625853 2.808558 0.096460 -0.035388
121 05863 57064.00 110.795290 5.312651 0.117632 0.003609
122 05869 57064.00 312.661761 0.940473 0.247737 0.077865
123 05879 57064.00 213.031751 7.226449 0.651841 -0.126012
124 06037 57064.00 359.747673 0.073038 1.465723 0.530804
125 06047 57064.00 199.605567 -16.630859 0.468864 -0.443101
126 06050 57064.00 112.028330 24.289098 0.411434 -0.018452
127 06053 57064.00 149.976374 7.632849 0.225815 -0.196304
128 06063 57064.00 316.007333 -13.804604 0.069789 0.014912
129 06130 57064.00 263.601505 -3.219119 0.443968 -0.126233
130 06178 57064.00 302.375263 -23.711645 0.278791 0.043453
131 06239 57064.00 102.555410 26.476744 0.712137 -0.076044
132 06455 57064.00 166.934382 41.268793 0.136478 -0.111884
133 06456 57064.00 253.612501 -29.615620 0.752690 -0.024404
134 06489 57064.00 202.803361 -9.746134 0.667613 -0.230366
135 06491 57064.00 190.701231 -10.753733 0.614622 -0.280997
136 06569 57064.00 80.013400 10.779214 0.308020 0.127083
137 06611 57064.00 330.373398 -2.976051 0.166459 0.057172
138 07025 57064.00 321.088987 -13.488514 0.342446 0.031247
139 07066 57064.00 337.620044 -24.203668 0.005672 0.002826
140 07088 57064.00 235.760751 -13.566447 0.215008 -0.072082
141 07092 57064.00 358.373615 -18.687512 0.068842 0.038509
142 07096 57064.00 279.437886 -14.559761 0.168695 -0.010543
143 07236 57064.00 37.462247 31.892872 0.235743 0.062706
144 07335 57064.00 192.124813 8.172442 0.391655 -0.249295
145 07336 57064.00 136.131899 11.945719 0.171937 -0.033581
146 07341 57064.00 242.466211 -25.238383 0.262427 -0.029674
147 07350 57064.00 268.638878 -18.334356 0.332400 -0.032620
148 07358 57064.00 6.779200 7.865047 0.977003 0.396433
149 07467 57064.00 11.381909 -10.593273 0.389766 0.226382
150 07474 57064.00 170.873312 11.487686 0.282453 -0.112493
151 07480 57064.00 171.588557 10.756551 0.308593 -0.091060
152 07482 57064.00 350.126126 -29.782692 0.389615 0.000068
153 07604 57064.00 232.468844 1.957849 0.056110 -0.012710
154 07753 57064.00 230.790041 -17.435949 0.461935 -0.140005
155 07822 57064.00 193.321194 16.102164 0.662175 0.083115
156 07839 57064.00 146.260315 31.064515 0.139528 0.001719
157 07888 57064.00 312.075702 -2.676033 0.068138 -0.007265
158 07889 57064.00 181.450301 34.143971 1.240100 -0.143564
159 07977 57064.00 159.206912 18.432259 0.209111 0.003732
160 08013 57064.00 82.331141 20.300127 0.147023 0.023612
161 08014 57064.00 163.544495 5.511177 0.182402 -0.070641
162 08034 57064.00 18.972744 9.178495 0.576361 0.210979
163 08035 57064.00 69.694441 -3.531633 0.533208 -0.038144
164 08037 57064.00 49.628936 21.376887 0.587917 0.198600
165 08176 57064.00 193.908850 35.859913 0.287040 -0.212718
166 08201 57064.00 330.760357 -9.364616 0.142235 0.027092
167 08373 57064.00 39.025906 -24.236588 0.118578 0.090226
168 08405 57064.00 61.989274 36.752612 0.011567 0.003199
169 08507 57064.00 138.453276 16.469659 0.137279 -0.081686
170 08566 57064.00 306.052585 5.161721 1.399653 -0.394035
171 08567 57064.00 115.418786 13.789629 0.293402 -0.030311
172 08709 57064.00 3.184980 -2.030926 0.348773 0.138806
173 09058 57064.00 52.100911 14.481366 0.494088 -0.010159
174 09162 57064.00 325.821323 -8.206141 1.003842 0.208851
175 09172 57064.00 205.849001 -18.898051 0.099337 -0.032976
176 09202 57064.00 79.079575 57.773894 1.976883 -0.337100
177 09400 57064.00 310.831374 -52.962243 0.226455 0.085418
178 09767 57064.00 32.756457 34.969703 0.070106 0.030221
179 09856 57064.00 266.580088 -13.680193 1.604021 -0.077883
180 09950 57064.00 156.406606 -5.808743 0.095409 -0.039622
181 10115 57064.00 16.408372 9.922385 0.395864 0.297961
182 10145 57064.00 151.436610 11.642137 0.142124 -0.065185
183 10150 57064.00 182.494892 41.363212 0.126609 -0.006600
184 10165 57064.00 66.041325 43.093046 0.731465 -0.011160
185 10199 57064.00 267.219747 -36.573388 0.019291 0.005337
186 10302 57064.00 210.959776 -8.127167 0.702505 -0.272730
187 10370 57064.00 268.349424 -19.285345 0.009084 -0.000138
188 10563 57064.00 54.948390 22.110696 0.197811 0.733423
189 10636 57064.00 241.377873 -8.005974 0.208904 -0.022708
190 10860 57064.00 178.010272 -3.557167 0.094894 -0.039472
191 11054 57064.00 292.864938 -24.110272 0.223511 0.039065
192 11066 57064.00 162.975392 16.140875 0.197956 -0.313473
193 11284 57064.00 55.221681 21.565094 0.714832 0.147650
194 11311 57064.00 299.788191 -42.041363 0.893299 -0.033077
195 11398 57064.00 228.586439 -2.568446 1.032064 -0.254235
196 11405 57064.00 189.420782 13.119700 1.127144 -0.143463
197 11500 57064.00 297.028080 -11.813650 0.598587 0.161299
198 11885 57064.00 354.866666 -4.699096 0.265011 0.242021
199 12538 57064.00 69.198528 9.745091 0.493759 -0.111575
200 12711 57064.00 19.457213 49.401923 0.794012 0.186516
201 12923 57064.00 154.284519 9.144021 0.150177 -0.042586
202 13553 57064.00 239.887250 -16.127683 0.660435 -0.084827
203 13651 57064.00 63.684432 6.967033 0.346500 0.126983
204 14222 57064.00 202.907660 -16.634388 0.218642 -0.020252
205 14402 57064.00 45.912252 6.327768 0.216220 0.044770
206 14827 57064.00 9.528908 2.496805 0.639555 0.289068
207 15504 57064.00 139.870429 51.970000 0.010819 -0.003865
208 15745 57064.00 93.564334 14.170754 0.278090 0.044874
209 15760 57064.00 29.028020 13.122874 0.003836 0.001498
210 15788 57064.00 48.053697 19.541550 0.008410 0.002311
211 15789 57064.00 32.817151 16.866642 0.004375 0.001783
212 15807 57064.00 199.347349 -7.926496 0.003155 -0.001256
213 15809 57064.00 276.404326 -32.294372 0.006189 -0.000869
214 15810 57064.00 282.539260 -20.333748 0.004893 0.000138
215 15817 57064.00 104.794923 10.891331 0.545608 0.012340
216 15820 57064.00 38.262278 27.802816 0.008917 0.002761
217 15836 57064.00 167.040728 9.822543 0.004699 -0.001527
218 15874 57064.00 69.254067 8.968210 0.005714 -0.001129
219 15875 57064.00 73.547533 27.609076 0.008703 0.000497
220 15883 57064.00 162.952439 17.970564 0.003435 -0.000437
221 16064 57064.00 187.393107 -5.926469 0.226727 -0.115467
222 16636 57064.00 78.501826 27.449775 0.425054 -0.007696
223 16657 57064.00 178.845309 18.727255 0.199715 -0.181415
224 16684 57064.00 233.670066 -21.229088 0.003469 -0.001014
225 16816 57064.00 34.129260 13.214749 0.159341 0.152657
226 16834 57064.00 2.928212 17.812615 0.367092 0.122661
227 16912 57064.00 236.289566 3.057785 0.265496 -0.015733
228 16960 57064.00 349.310746 14.450356 0.161219 0.066095
229 17181 57064.00 274.766309 -19.840907 0.268980 -0.037619
230 17182 57064.00 298.520243 -26.724943 0.595587 0.175402
231 17188 57064.00 11.019786 34.451951 0.103772 0.022994
232 17274 57064.00 106.768646 24.568467 0.144489 -0.027616
233 17511 57064.00 26.967490 17.065123 0.367570 0.191427
234 18106 57064.00 208.713578 -7.330983 0.153244 -0.059630
235 18109 57064.00 209.996088 -11.833419 0.183886 -0.069094
236 18172 57064.00 298.551199 -33.811053 0.145120 0.053178
237 18736 57064.00 54.034264 21.851671 0.345889 0.068826
238 18882 57064.00 38.241700 49.633118 0.566533 0.026774
239 18916 57064.00 283.971853 -25.263544 0.136998 0.027565
240 19255 57064.00 86.904772 23.788483 0.004104 0.000146
241 19299 57064.00 52.945672 22.231740 0.007506 0.002143
242 19308 57064.00 11.009479 16.363356 0.002083 0.002242
243 19356 57064.00 346.375114 -4.661476 0.080153 0.028775
244 19521 57064.00 77.023032 28.754312 0.004564 0.001048
245 19764 57064.00 95.090155 23.518529 0.151293 -0.008332
246 20000 57064.00 120.111219 26.573190 0.003989 0.000188
247 20086 57064.00 124.218975 -1.318020 0.053718 -0.020382
248 20108 57064.00 43.327420 4.731225 0.004744 0.000100
249 20161 57064.00 24.446009 19.979807 0.003339 0.001793
250 20236 57064.00 77.777063 19.390916 0.220186 0.036795
251 20255 57064.00 354.146475 -1.230826 0.140921 0.033485
252 20425 57064.00 271.582585 -18.559014 0.555151 0.052153
253 20429 57064.00 314.312989 -23.336196 0.637321 0.143173
254 20460 57064.00 310.960555 3.423320 0.243591 0.235853
255 20461 57064.00 41.642903 -4.166208 -0.002350 -0.001102
256 20790 57064.00 203.892608 -18.896719 0.320902 -0.123360
257 20826 57064.00 13.190439 27.395227 0.071161 0.074260
258 21088 57064.00 183.117242 -43.922138 0.430575 -0.199705
259 21277 57064.00 345.986586 -5.047523 0.575378 0.017034
260 21374 57064.00 67.135387 26.392150 0.522801 0.293729
261 22099 57064.00 156.118388 13.007661 0.511318 -0.106713
262 22753 57064.00 57.677537 23.141767 0.381370 0.068114
263 22771 57064.00 161.345694 7.707728 0.333381 -0.219455
264 23183 57064.00 289.121793 -12.931182 0.224274 -0.142825
265 23187 57064.00 297.246340 18.725789 0.127490 -0.051481
266 23548 57064.00 184.918915 -12.752794 0.378145 -0.370075
267 23606 57064.00 172.366652 -10.396019 0.323096 -0.188863
268 23714 57064.00 53.975862 11.032347 0.139311 0.038582
269 24443 57064.00 189.525059 1.144457 0.205588 0.007823
270 24445 57064.00 226.030346 -7.395671 0.110832 0.011535
271 24475 57064.00 199.248061 5.765613 0.455038 -0.261163
272 24761 57064.00 214.980001 9.290254 0.351427 -0.128255
273 24835 57064.00 42.840583 30.764562 0.004093 0.002934
274 24952 57064.00 23.668388 22.261247 0.005623 0.003458
275 24978 57064.00 250.598749 -23.137775 0.003515 -0.000592
276 25143 57064.00 258.891718 -23.351453 1.219497 -0.118773
277 25330 57064.00 277.187958 -33.606514 0.384071 -0.041715
278 25916 57064.00 50.738365 6.988427 0.214189 0.101974
279 26166 57064.00 46.537797 7.356215 0.061163 0.005203
280 26181 57064.00 234.598473 -10.434115 0.003987 -0.000228
281 26308 57064.00 37.793989 6.722965 0.004244 0.000539
282 26310 57064.00 99.622360 18.149058 0.173655 -0.016923
283 26375 57064.00 180.506752 -5.543256 0.003997 -0.002247
284 26379 57064.00 351.958885 5.757452 0.703882 0.277448
285 26663 57064.00 317.326308 -13.372400 0.261901 0.149291
286 26677 57064.00 307.011020 -42.129917 0.690778 -0.021138
287 26760 57064.00 168.045786 9.103968 0.127820 -0.028681
288 26817 57064.00 192.096716 -2.802127 0.197813 -0.073151
289 27002 57064.00 289.778843 -18.928301 0.218130 -0.002054
290 27031 57064.00 89.499280 18.213866 0.191916 -0.003228
291 27234 57064.00 153.987679 10.136814 0.259529 -0.259142
292 27346 57064.00 93.355525 -3.106458 0.762295 0.354812
293 28978 57064.00 260.703244 -26.952318 0.003497 -0.001452
294 29075 57064.00 0.844963 1.462380 0.212274 0.150997
295 29981 57064.00 95.016271 17.396769 0.007792 -0.000283
296 30825 57064.00 63.801536 15.565723 0.074356 0.004333
297 30997 57064.00 26.055851 -0.502709 0.088065 0.126971
298 31210 57064.00 165.709859 9.185827 0.259064 -0.065493
299 31221 57064.00 340.131233 -4.933276 0.198288 0.177965
300 31345 57064.00 234.591400 -17.872419 0.215580 -0.025229
301 31346 57064.00 152.151821 8.113700 0.194042 -0.092504
302 31662 57064.00 171.231848 13.463869 0.152660 -0.126396
303 31669 57064.00 245.381141 -19.483809 0.231800 -0.076094
304 31824 57064.00 175.631255 7.591952 0.011364 -0.004942
305 32511 57064.00 32.447533 21.906759 0.069764 0.019310
306 32532 57064.00 100.767213 3.206488 0.020191 -0.003182
307 32906 57064.00 20.574955 26.116466 0.714745 0.413962
308 32929 57064.00 25.897676 14.525367 0.006656 0.002878
309 33001 57064.00 136.729607 17.449906 0.003445 -0.001091
310 33128 57064.00 173.087844 12.238858 0.004593 -0.001041
311 33340 57064.00 95.655898 21.693909 0.007877 -0.000008
312 33342 57064.00 8.675366 -4.003487 1.292951 0.602345
313 34613 57064.00 335.691607 -7.927781 0.362091 0.183338
314 35107 57064.00 109.758665 15.036036 0.746460 0.051135
315 35396 57064.00 73.174451 19.862342 0.551157 0.031429
316 35432 57064.00 266.421999 -16.991365 0.118200 -0.026759
317 35670 57064.00 221.590065 -21.410727 0.167731 -0.034248
318 35671 57064.00 16.065055 6.393080 0.004268 0.001352
319 36017 57064.00 120.164174 23.780607 0.627930 -0.166418
320 36183 57064.00 29.182856 -12.511936 0.658262 0.861333
321 36236 57064.00 39.195869 35.960084 0.414124 -0.242934
322 36284 57064.00 301.233123 -49.504158 2.124639 1.797864
323 37117 57064.00 290.470961 -12.737361 0.030812 0.010224
324 37336 57064.00 332.541696 23.850097 1.037722 0.121507
325 37384 57064.00 297.136404 -37.147304 0.101102 -0.004562
326 37638 57064.00 96.961453 19.435638 1.455480 0.011759
327 37655 57064.00 250.351836 -5.051857 0.133936 -0.034556
328 38071 57064.00 343.482248 0.093945 0.186758 0.038619
329 38083 57064.00 201.463115 -12.503027 0.002959 -0.002010
330 38084 57064.00 224.022285 -5.228214 0.005903 -0.001047
331 38086 57064.00 109.945588 2.421383 0.483980 0.044216
332 38239 57064.00 36.285645 11.332356 0.119989 0.020202
333 38628 57064.00 237.444001 -5.418979 0.006903 -0.000855
334 39565 57064.00 196.356043 -9.834322 0.250937 -0.147259
335 39572 57064.00 74.424097 31.154999 0.248178 0.002901
336 39774 57064.00 50.270231 6.148806 0.607251 0.016844
337 39796 57064.00 83.658642 10.778498 0.289623 0.028336
338 40263 57064.00 72.214831 -3.075117 0.663866 0.026067
339 40267 57064.00 215.606356 18.061956 0.302899 -0.025269
340 40314 57064.00 232.033362 -7.106732 0.005016 0.000733
341 40329 57064.00 152.035414 9.156313 0.119161 -0.041492
342 41429 57064.00 81.901999 25.406300 0.244273 0.011836
343 41434 57064.00 229.395221 -23.320925 0.407328 -0.203640
344 41440 57064.00 57.296629 18.694635 0.333065 0.161640
345 42286 57064.00 41.065029 9.277259 0.224708 0.188090
346 42301 57064.00 31.042361 13.402555 0.002574 0.000889
347 42355 57064.00 197.731944 -8.743704 0.011620 -0.005268
348 44594 57064.00 353.994081 0.246739 0.011863 0.005033
349 45802 57064.00 325.928303 -13.036645 0.003248 0.001018
350 47171 57064.00 32.280855 4.904507 0.006220 0.002581
351 47932 57064.00 230.723289 -23.913307 0.006914 -0.002920
352 48603 57064.00 251.319244 -27.226984 0.201567 -0.019221
353 48639 57064.00 46.196647 17.510293 0.003713 0.000979
354 49036 57064.00 26.938584 1.306031 0.010326 0.003475
355 49673 57064.00 339.837409 -18.128635 0.003993 0.000005
356 50000 57064.00 266.324288 -15.589206 0.003358 0.000004
357 52340 57064.00 327.711539 -18.815560 0.116207 0.052387
358 52381 57064.00 241.478823 -14.107504 0.535679 -0.064545
359 52387 57064.00 256.607238 -38.520451 0.704621 0.131426
360 52689 57064.00 88.136649 34.345908 0.356965 0.009263
361 52747 57064.00 259.294129 -23.227094 0.003600 -0.000301
362 52750 57064.00 57.760136 8.770888 1.519189 0.362668
363 52760 57064.00 166.230530 5.599672 0.078321 -0.036848
364 52761 57064.00 97.705827 16.868338 0.351448 -0.130908
365 52762 57064.00 4.860640 38.022876 0.074130 0.046590
366 52768 57064.00 30.016340 12.820803 0.088296 0.041474
367 52872 57064.00 285.906433 -8.097013 0.028352 0.000100
368 52975 57064.00 107.266228 32.677523 0.008570 -0.000032
369 53110 57064.00 335.654183 -47.414351 0.455158 0.011425
370 53311 57064.00 221.792928 -16.068361 0.003286 -0.001028
371 53319 57064.00 120.622052 16.852822 0.066879 0.001356
372 53409 57064.00 79.252608 14.435347 0.787169 -0.029663
373 53426 57064.00 153.899437 -13.213221 0.306811 -0.096173
374 53429 57064.00 72.886980 0.581326 0.104346 -0.015550
375 53430 57064.00 80.849390 -5.065846 0.403418 -0.500646
376 53435 57064.00 209.194063 -5.579972 0.097664 -0.068535
377 53550 57064.00 190.992326 -11.582195 0.720043 -0.352733
378 53789 57064.00 253.177399 14.375972 0.396858 0.076748
379 54071 57064.00 54.493464 29.201483 0.590494 0.358026
380 54401 57064.00 124.542765 1.825161 0.252180 -0.097444
381 54509 57064.00 59.513840 21.456213 0.794154 0.134502
382 54520 57064.00 326.069221 -10.433857 0.002589 0.001143
383 54598 57064.00 27.438405 30.505903 0.015613 0.008532
384 54660 57064.00 350.552401 32.319961 1.142494 -0.114858
385 54686 57064.00 103.556731 -5.870138 0.825065 0.166670
386 54690 57064.00 25.553434 4.333475 0.249343 0.363801
387 54789 57064.00 213.486709 11.964738 0.612862 -0.172721
388 55408 57064.00 276.081446 6.915993 0.909856 0.100702
389 55532 57064.00 36.026528 -21.264972 0.095878 0.079465
390 55565 57064.00 144.642248 0.914127 0.002539 -0.002084
391 55576 57064.00 268.682012 -33.214960 0.014058 0.001809
392 55636 57064.00 16.026377 32.250662 0.003615 0.002261
393 55637 57064.00 38.616954 9.746490 0.004075 -0.000009
394 55638 57064.00 81.881125 8.717479 0.007408 -0.000524
395 58534 57064.00 180.568095 2.069931 0.003280 -0.001323
396 59358 57064.00 156.314876 15.668357 0.004820 -0.001142
397 60454 57064.00 179.939108 -0.791265 0.003196 -0.001467
398 60458 57064.00 152.489471 3.565978 0.003561 -0.002847
399 60558 57064.00 331.822819 -9.756595 0.081595 0.023717
400 60608 57064.00 197.200754 -13.731696 0.009487 -0.003865
401 60620 57064.00 207.482442 -3.274265 0.004383 -0.000212
402 60621 57064.00 208.798568 -14.749765 0.003793 -0.001793
403 63252 57064.00 243.476323 -28.439039 0.020409 0.000107
404 65407 57064.00 241.178927 8.664921 -0.002781 -0.002228
405 65489 57064.00 228.701250 0.998921 0.004108 -0.000249
406 65674 57064.00 104.974953 33.505651 0.334908 -0.041033
407 65679 57064.00 8.506523 3.399779 0.635655 0.254099
408 65690 57064.00 179.699152 0.030458 0.937504 -0.204722
409 65706 57064.00 61.691957 30.495164 0.773037 0.157189
410 65717 57064.00 267.341285 -20.628452 0.381564 -0.007700
411 65733 57064.00 30.299141 16.033079 0.768133 0.303756
412 65803 57064.00 186.476914 0.628098 0.231537 -0.106950
413 65909 57064.00 98.358753 22.536365 2.397912 0.004457
414 65996 57064.00 120.452616 15.079337 0.075794 -0.026039
415 66008 57064.00 232.249047 36.089240 1.281751 0.246084
416 66063 57064.00 321.288952 -30.306675 0.236543 0.149815
417 66146 57064.00 54.333989 15.358731 0.978974 0.289230
418 66251 57064.00 328.879100 -3.864195 0.766341 0.168193
419 66253 57064.00 233.626521 0.098690 0.104267 -0.017270
420 66272 57064.00 42.616680 -20.050814 0.253140 0.424089
421 66391 57064.00 112.743698 -11.009650 9.388934 -6.030521
422 66400 57064.00 234.125300 -15.486548 0.395624 -0.154457
423 66407 57064.00 246.298739 -10.639942 0.525411 -0.282898
424 66452 57064.00 336.521852 -10.773400 0.002963 0.000967
425 66652 57064.00 348.671717 -5.474304 0.003425 0.001411
426 66959 57064.00 242.539580 -13.926760 0.141370 -0.081402
427 67367 57064.00 190.043819 -13.555454 0.604746 -0.216211
428 67381 57064.00 49.285672 27.856285 0.362850 0.057352
429 67399 57064.00 229.843212 -33.451595 1.476102 -0.378165
430 68031 57064.00 9.372455 -10.458159 0.484643 0.138448
431 68063 57064.00 105.060694 25.226069 0.338450 -0.060288
432 68216 57064.00 230.887759 -30.299974 0.351759 -0.169473
433 68267 57064.00 98.765880 62.061775 0.814246 -0.019947
434 68278 57064.00 204.240387 -7.391445 0.466754 -0.188160
435 68346 57064.00 97.292736 8.987396 0.623138 -0.126624
436 68347 57064.00 347.968816 12.611853 0.671487 0.223583
437 68348 57064.00 192.796757 -22.357004 0.268478 -0.012120
438 68350 57064.00 32.384083 -17.545343 0.595656 0.148360
439 68359 57064.00 19.769988 -2.190712 0.448499 0.194891
440 68372 57064.00 77.715445 22.162508 0.341107 -0.017340
441 68548 57064.00 82.210768 37.867757 0.506847 -0.101449
442 68950 57064.00 254.296497 -14.191796 0.687364 0.214041
443 69230 57064.00 273.075296 -28.588821 0.251818 -0.008372
444 69986 57064.00 82.150527 16.495117 0.005755 -0.000834
445 69987 57064.00 69.610576 21.156087 0.004102 0.000539
446 69988 57064.00 56.203869 25.961669 0.003685 0.001172
447 69990 57064.00 80.694936 20.461372 0.005684 -0.000207
448 73480 57064.00 17.487859 25.420665 0.011013 0.004570
449 76803 57064.00 333.790013 -24.322890 0.004717 -0.000912
450 78799 57064.00 86.705698 32.818437 0.003631 0.000584
451 78801 57064.00 192.785962 -2.994966 0.311700 -0.085910
452 79360 57064.00 139.042901 15.359933 0.003517 -0.001228
453 79969 57064.00 187.658036 -5.284869 0.004655 -0.002271
454 79978 57064.00 151.681377 14.688605 0.002787 -0.002188
455 79983 57064.00 174.587834 -1.481799 0.003441 -0.002208
456 80806 57064.00 157.746392 13.147198 0.003382 -0.001429
457 82075 57064.00 138.698627 19.104081 0.003872 0.000058
458 82155 57064.00 207.046320 -17.847288 0.005755 -0.003473
459 82157 57064.00 182.984978 1.750386 0.003900 -0.001368
460 82158 57064.00 212.386528 4.236227 0.005816 0.000616
461 83943 57064.00 158.136502 -1.683983 0.138927 -0.008570
462 83982 57064.00 296.161462 -20.566807 0.014092 -0.000786
463 84522 57064.00 34.244663 25.819374 0.002497 0.002811
464 84719 57064.00 48.333632 25.238758 0.004174 0.001902
465 84922 57064.00 71.767547 33.593084 0.005927 -0.000182
466 85182 57064.00 18.734410 10.161800 0.086471 0.038475
467 85184 57064.00 99.082577 -5.358866 0.626718 -0.264498
468 85236 57064.00 199.028327 0.361625 0.368831 -0.237526
469 85275 57064.00 241.358451 -2.949866 0.397354 -0.101671
470 85490 57064.00 157.352065 7.368749 0.035690 -0.015298
471 85585 57064.00 289.809539 -26.165504 0.372858 0.051420
472 85627 57064.00 250.700746 -22.682463 0.003729 -0.000576
473 85628 57064.00 318.129740 -28.561831 0.297151 0.054586
474 85633 57064.00 326.161514 -14.410460 0.003189 0.000999
475 85640 57064.00 173.778387 -1.345364 0.396876 -0.193055
476 85709 57064.00 305.224239 2.620475 0.557637 0.015408
477 85713 57064.00 210.606120 -10.567487 1.083377 -0.634478
478 85770 57064.00 93.609972 55.564741 0.987587 0.065027
479 85774 57064.00 336.789370 -24.262208 0.383353 0.131051
480 85804 57064.00 128.106827 6.924808 0.555862 -0.456200
481 85818 57064.00 300.284350 44.516808 0.312480 0.131510
482 85839 57064.00 335.014760 -18.933448 0.435144 0.201004
483 85867 57064.00 338.049151 -8.200962 0.226670 0.089285
484 85938 57064.00 3.586017 -1.415345 0.181331 0.112982
485 85953 57064.00 197.585166 -3.416866 0.555110 -0.101011
486 85989 57064.00 235.309471 -2.544498 0.449605 -0.144713
487 85990 57064.00 140.005596 16.800619 0.692287 -0.149030
488 86039 57064.00 244.487520 -27.894155 0.152078 -0.016177
489 86047 57064.00 322.912536 -4.592793 0.002732 0.002469
490 86067 57064.00 167.364648 20.250409 0.529319 0.032611
491 86177 57064.00 348.732727 5.932547 0.003825 0.003617
492 86324 57064.00 200.426119 -45.454439 0.242663 -0.056017
493 86326 57064.00 105.187228 38.196391 0.676307 0.240349
494 86450 57064.00 27.705062 -7.601839 2.251604 0.718880
495 86666 57064.00 270.216600 5.407318 0.244160 0.014707
496 86667 57064.00 130.406484 3.859983 1.469539 -0.313616
497 86819 57064.00 71.449451 12.218580 0.338406 0.038868
498 86829 57064.00 293.156334 -29.497132 0.206172 -0.011470
499 86878 57064.00 282.022613 -15.601793 0.214228 0.039699
